961
969
127
894
209
703
821
288
168
133
903
427
895
539
902
448
816
431
718
963
954
824
635
142
962
162
828
339
830
294
901
426
550
845
472
363
380
82
819
385
946
49
757
148
594
192
305
905
624
760
397
479
524
159
293
8
756
694
768
514
7
58
117
89
884
801
270
195
456
667
369
848
6
171
328
420
360
0
167
787
580
284
986
791
922
720
601
201
730
746
156
354
483
540
552
508
446
546
860
570
905
248
149
856
151
158
996
753
693
905
42
371
759
158
906
153
32
158
932
309
241
545
122
255
328
472
123
815
898
299
814
115
156
371
849
45
963
598
438
421
92
821
62
822
877
227
152
159
225
780
602
736
395
703
664
39
138
242
707
390
683
361
880
627
389
50
553
788
973
920
233
940
849
241
801
991
161
958
944
845
882
15
199
791
933
9
146
428
628
910
274
229
565
510
847
989
111
223
251
479
816
63
482
355
729
409
189
745
545
996
94
825
294
804
902
340
403
666
386
498
323
471
348
625
748
769
166
750
974
751
49
956
482
551
59
70
176
545
375
410
928
816
567
117
330
245
180
269
346
311
990
510
499
547
127
997
460
155
257
842
263
647
528
806
886
621
418
201
97
461
747
846
354
702
646
261
778
975
421
37
68
347
33
780
390
148
917
388
105
530
405
901
438
537
36
569
656
692
898
767
656
337
893
823
19
715
55
607
320
942
885
40
134
539
31
48
491
928
315
820
119
954
740
842
350
833
177
777
484
769
712
53
826
721
320
691
839
386
334
861
267
838
759
370
501
34
693
941
516
673
277
952
522
886
636
574
996
725
706
234
38
959
311
919
635
337
522
612
850
872
168
299
77
635
17
487
195
884
190
528
869
116
279
549
694
218
257
20
219
408
452
784
89
387
203
464
190
932
741
760
816
608
856
886
994
608
781
884
165
54
550
669
259
341
260
661
847
483
333
689
728
718
643
24
611
872
968
405
808
880
437
842
613
182
314
514
959
339
608
251
264
275
938
751
330
856
601
374
73
836
454
145
118
186
723
909
679
946
75
393
788
647
456
750
397
767
643
339
848
270
109
514
990
39
164
227
37
265
698
930
920
401
520
911
970
498
463
26
345
694
431
865
367
655
240
320
509
6
686
404
880
527
138
196
837
383
442
292
632
660
923
815
8
799
357
560
487
424
621
749
726
927
200
961
373
482
458
733
87
576
511
490
243
768
537
357
336
567
312
903
208
852
959
344
877
146
267
360
266
401
183
234
592
185
594
845
520
405
506
560
776
736
658
417
575
6
231
513
2
841
512
992
89
327
748
153
116
420
613
346
310
754
514
947
700
257
986
280
655
804
940
396
620
258
52
572
557
574
344
885
985
708
384
723
782
847
692
423
127
956
751
995
824
37
89
510
750
507
643
903
220
435
379
71
808
459
288
24
955
474
247
867
423
721
155
243
76
618
532
124
771
163
654
575
196
495
482
485
546
145
137
29
195
574
341
916
70
790
810
136
821
111
289
833
642
30
110
125
566
802
479
62
996
863
869
321
405
580
231
414
140
258
673
823
801
785
188
152
707
296
999
953
558
400
267
562
757
871
404
300
697
948
963
288
47
203
176
942
495
583
965
36
64
695
86
465
906
447
69
669
28
924
201
975
91
91
702
946
988
30
537
445
104
180
282
14
718
236
819
538
543
630
816
995
603
854
820
143
129
966
267
352
171
999
847
686
664
523
41
973
458
626
697
100
416
534
985
492
319
733
363
256
857
244
619
143
855
27
872
172
890
792
187
798
829
307
106
193
911
763
591
688
109
660
408
532
652
654
452
798
900
363
195
13
616
868
524
381
489
336
708
700
226
963
458
682
575
999
32
676
215
313
267
133
616
970
531
98
545
208
790
120
83
641
304
893
984
500
29
39
878
900
750
541
885
969
962
528
211
980
668
357
858
183
962
514
87
528
733
994
587
440
644
119
502
707
684
19
239
142
379
99
680
624
50
233
486
735
695
12
439
592
746
270
876
419
952
42
46
16
315
504
461
498
723
734
147
934
333
460
846
319
793
4
165
418
954
349
386
225
255
19
709
375
710
452
474
823
464
705
785
361
392
583
907
657
124
897
668
133
742
732
860
4
293
902
863
502
324
100
124
155
684
399
875
164
453
394
720
128
512
75
244
396
544
995
210
563
94
28
455
709
924
670
370
599
121
5
668
479
11
763
985
97
363
558
436
227
362
797
697
74
474
220
19
623
767
434
470
658
684
803
934
225
825
327
983
157
58
150
670
401
851
702
620
279
664
314
931
81
561
353
457
985
427
121
250
566
537
190
850
747
969
818
919
693
907
586
829
186
980
883
739
296
441
448
194
777
535
777
470
105
703
825
317
441
558
244
229
156
235
163
666
42
642
174
181
38
126
917
824
985
10
514
781
98
536
86
943
403
907
847
272
264
175
346
657
966
49
459
536
21
32
367
635
340
451
714
364
984
188
377
949
688
570
870
98
680
956
692
605
688
977
782
941
553
453
880
416
699
150
569
711
965
677
932
777
923
775
73
15
5
979
173
527
770
958
187
884
136
634
485
571
270
365
699
936
144
406
438
391
30
82
130
990
778
148
278
127
355
236
977
420
171
790
571
883
322
3
541
249
733
517
982
483
143
851
835
999
90
204
817
521
377
425
130
225
45
675
123
586
114
844
974
254
694
481
384
237
981
669
816
956
644
209
451
433
248
583
272
605
2
485
493
739
474
679
934
277
356
102
588
205
475
836
730
873
553
393
743
440
488
599
569
217
8
114
71
98
573
156
312
486
772
229
277
456
443
559
696
292
338
967
232
445
818
103
994
833
648
129
846
488
437
214
779
451
173
21
215
866
714
927
486
774
917
958
782
205
193
982
270
347
548
348
505
109
186
251
819
154
727
261
6
930
961
334
89
80
272
949
262
852
771
196
271
913
425
886
812
621
496
320
283
327
733
112
612
122
97
898
520
704
28
794
206
754
712
931
289
651
509
270
594
21
700
270
37
195
522
968
690
341
324
49
779
626
818
175
861
872
713
665
773
622
40
843
352
171
774
73
38
0
246
796
708
784
1
291
166
712
783
609
629
424
689
908
722
577
797
766
647
394
623
52
798
275
809
892
977
66
119
459
669
27
865
252
339
649
454
749
692
636
73
924
89
747
979
975
484
457
597
264
103
828
927
351
975
592
946
689
132
210
343
79
696
872
194
305
281
814
950
417
301
451
734
485
953
682
149
780
254
564
651
233
264
307
333
341
436
890
360
295
646
32
649
62
405
523
932
928
107
336
967
619
372
737
490
960
978
872
61
287
723
240
806
214
904
282
101
483
850
373
278
713
171
503
171
479
734
120
131
779
469
430
835
798
669
90
695
713
536
521
318
142
862
895
527
97
937
359
755
597
236
629
817
563
830
580
775
85
649
987
892
456
226
457
656
192
676
946
436
837
982
370
419
196
461
871
28
872
383
491
347
223
566
182
547
393
68
410
803
955
49
880
594
818
647
160
8
963
926
485
82
15
785
367
193
420
747
938
168
119
775
524
729
116
748
20
723
736
745
502
865
318
570
331
642
886
655
293
360
164
381
255
999
820
460
899
893
803
645
54
264
984
837
502
136
354
986
659
275
859
840
603
702
322
929
376
319
759
391
380
700
863
111
469
399
671
972
963
849
868
837
461
567
633
541
316
966
939
340
776
343
391
590
782
862
467
856
787
637
513
523
346
904
671
903
257
597
396
941
594
50
589
393
805
762
101
378
667
29
188
607
949
819
862
343
35
325
748
61
872
593
600
871
202
104
513
41
768
645
991
75
829
908
216
27
777
724
217
432
286
946
968
933
159
772
606
494
501
823
338
299
187
878
449
910
153
328
553
209
407
12
740
945
631
891
506
577
997
57
112
653
898
258
141
924
691
534
90
496
224
232
809
526
817
353
214
684
275
827
123
908
376
877
888
44
461
882
807
278
204
430
318
811
906
839
893
183
251
371
143
833
745
772
301
530
156
749
510
911
963
455
587
756
256
940
206
591
290
871
115
87
36
686
159
255
411
278
997
362
37
825
263
828
644
278
290
275
81
62
154
489
86
670
724
847
884
86
227
47
19
365
657
270
40
38
447
460
304
795
721
42
11
164
288
182
44
172
835
966
157
713
200
487
71
62
755
40
134
854
313
360
339
431
615
577
588
641
403
911
158
642
12
297
354
727
326
819
182
960
245
61
226
337
979
604
938
497
364
659
28
937
510
102
999
3
479
82
548
771
878
596
912
582
580
229
495
278
211
518
637
440
460
126
805
275
423
869
381
324
771
540
312
666
710
172
515
435
270
319
964
849
229
70
339
909
763
864
773
486
661
972
165
670
148
628
859
946
593
110
377
723
915
255
552
174
411
430
986
812
615
323
160
430
771
842
731
242
726
800
95
226
575
161
604
647
928
459
206
962
51
418
805
642
578
857
159
711
395
210
488
338
687
370
835
975
12
268
771
400
664
568
763
663
166
448
779
271
13
519
780
960
396
686
42
533
850
853
224
828
985
682
258
569
187
576
827
415
988
823
743
468
519
148
43
984
181
222
793
674
215
373
975
463
461
318
815
432
176
534
129
702
393
235
524
45
588
946
748
962
207
888
109
691
53
505
509
841
880
86
432
532
18
151
221
580
796
533
677
487
463
594
876
452
320
816
425
466
849
467
456
957
50
907
470
687
551
209
476
279
587
542
884
865
538
995
808
970
220
848
851
421
469
556
743
479
913
638
509
492
909
766
948
956
944
355
504
725
121
850
963
958
994
680
586
173
618
36
702
109
537
683
995
504
124
625
949
205
280
89
94
510
115
521
132
969
830
29
799
497
558
175
296
496
42
312
493
115
279
326
738
250
95
553
809
506
857
107
698
433
897
468
901
494
632
959
76
778
694
717
542
247
228
908
334
779
310
819
602
825
117
85
207
308
331
743
562
57
80
424
650
856
977
412
329
414
936
469
328
859
918
262
362
627
965
821
529
547
931
77
301
761
72
469
651
520
680
153
922
983
204
946
832
493
843
717
875
804
182
469
172
975
282
365
478
32
366
366
429
707
659
642
209
848
75
307
161
841
419
738
956
865
530
815
674
805
396
626
610
522
608
221
309
794
612
702
303
316
971
156
6
7
764
589
442
675
604
425
597
876
814
71
12
171
367
178
251
667
990
576
95
21
672
543
949
761
26
444
352
498
535
577
911
243
890
498
293
228
109
581
426
508
615
732
303
81
260
832
599
795
223
219
1
761
67
993
209
695
991
324
310
37
679
275
486
941
919
983
406
440
819
274
422
805
737
932
313
527
576
563
818
498
610
734
986
530
821
22
510
296
335
690
292
106
439
693
470
454
169
526
424
803
953
292
868
460
809
732
21
753
478
432
664
467
172
830
342
860
969
874
566
377
783
697
375
942
843
723
931
380
395
460
248
977
957
959
144
444
42
559
192
443
497
812
157
899
23
270
82
995
380
890
798
406
674
718
619
155
39
10
897
666
497
604
1
989
905
816
62
609
776
491
589
72
974
954
397
5
873
204
537
67
627
8
571
665
676
604
651
222
334
876
741
621
728
283
664
725
930
945
874
152
591
241
441
774
81
22
972
317
62
74
480
7
879
386
903
376
274
689
507
651
365
335
433
160
723
229
304
948
356
384
440
76
500
48
647
479
901
4
222
752
968
404
627
837
95
43
424
655
894
286
920
382
8
885
498
416
630
285
438
261
722
768
308
706
2
370
828
225
207
440
576
393
205
151
253
167
221
143
624
209
574
474
622
922
11
452
724
231
286
760
229
717
353
693
122
365
517
540
59
382
644
327
908
685
936
999
899
843
343
842
469
818
94
239
40
661
946
535
91
316
669
690
578
249
462
979
126
642
441
122
265
699
958
427
271
119
926
392
480
203
903
472
602
831
872
90
11
26
8
18
643
225
761
823
344
859
666
350
940
988
763
623
777
380
121
282
997
259
9
101
432
20
513
53
314
627
114
982
938
596
194
602
985
170
734
498
996
528
532
3
304
327
878
567
128
509
75
807
762
150
351
235
785
818
139
270
707
635
527
984
858
881
84
257
719
251
430
967
914
524
518
605
390
816
38
160
730
514
894
238
83
707
476
725
92
105
919
294
848
482
940
628
822
507
833
589
754
49
647
780
469
947
118
479
803
426
408
884
658
143
527
835
122
847
378
960
600
101
258
777
700
756
436
110
555
151
239
865
775
808
292
251
481
513
534
207
833
290
975
768
268
959
178
115
524
653
63
304
486
618
424
3
885
678
91
177
708
937
600
25
592
274
994
888
435
274
954
833
589
851
383
991
805
760
330
488
966
170
862
889
469
491
597
712
150
491
469
274
278
445
65
641
242
78
756
777
607
873
832
135
675
73
789
326
769
508
885
952
378
992
827
222
542
814
372
692
547
936
646
260
156
671
718
853
610
109
374
631
896
204
234
30
152
697
451
289
995
489
637
606
190
782
907
492
136
661
827
212
503
104
715
388
179
891
794
977
978
501
940
97
331
837
261
867
638
254
367
403
664
385
463
686
644
277
249
206
645
790
740
274
248
303
167
614
918
293
51
18
928
961
643
249
923
97
589
849
459
725
269
10
259
225
143
244
82
828
529
769
433
955
267
140
889
602
39
405
898
752
499
499
46
126
837
580
493
781
22
876
169
825
791
239
217
845
704
244
186
476
408
337
273
665
830
597
142
916
598
646
851
730
759
32
450
607
641
414
492
755
172
992
885
766
419
537
821
921
943
107
178
563
825
129
137
204
391
89
715
242
960
277
580
365
610
373
7
593
680
282
909
152
554
545
532
297
4
346
28
281
816
740
341
180
552
206
428
624
67
189
284
671
601
733
89
935
626
566
720
623
16
789
411
440
405
531
704
325
542
286
1
913
63
370
550
548
401
996
30
585
366
571
589
367
333
123
447
506
945
647
227
254
980
843
571
551
505
427
695
415
750
611
577
533
352
683
307
486
337
807
684
699
108
265
306
807
345
611
82
11
540
717
987
320
720
855
32
425
297
260
484
922
79
443
679
920
950
882
191
511
131
570
882
610
329
658
447
34
944
368
701
982
455
571
699
444
129
534
55
721
443
929
594
595
533
834
664
576
863
524
45
82
35
273
91
449
808
57
297
53
15
847
997
663
998
68
417
651
417
883
707
133
721
248
807
164
981
422
376
255
364
219
67
67
349
794
148
214
750
421
298
491
176
676
325
826
668
398
120
667
615
331
785
623
832
157
254
812
618
897
777
307
188
221
84
655
542
839
568
276
511
647
55
441
769
762
522
499
110
965
748
136
692
642
917
973
435
730
498
212
224
375
538
350
754
356
36
297
81
404
308
814
942
268
172
161
726
374
399
582
320
707
289
453
982
84
618
841
736
772
465
810
163
470
949
349
49
958
591
45
410
399
107
217
841
705
853
682
25
724
153
302
878
213
379
534
688
196
308
840
305
72
702
26
992
831
95
436
374
550
73
104
878
18
98
977
898
856
47
653
688
103
435
745
323
208
309
304
630
407
40
126
915
961
733
927
106
473
707
423
213
657
414
942
32
345
52
90
814
559
52
937
646
540
170
217
724
183
85
542
844
488
946
592
146
947
801
357
829
430
269
954
378
537
66
914
700
649
430
952
561
137
969
679
207
767
921
44
165
646
758
380
359
436
173
39
2
762
240
713
117
147
402
921
392
691
865
800
494
310
532
759
158
115
499
533
48
875
637
844
298
625
644
695
362
615
822
258
710
426
565
470
183
684
310
352
868
884
815
92
691
388
688
459
602
615
804
774
388
765
18
998
759
436
171
738
826
492
792
612
827
967
508
937
254
332
988
506
106
695
344
307
998
822
561
856
601
34
562
207
511
632
371
838
831
651
72
538
353
528
688
401
469
270
889
68
735
480
73
965
462
424
944
993
939
329
881
153
167
49
831
451
710
305
388
672
255
683
333
370
77
7
505
868
664
522
184
438
500
179
520
107
700
99
3
1
479
521
245
172
664
839
353
239
163
380
58
944
59
327
719
55
889
189
392
203
664
903
173
321
171
779
686
697
815
20
189
735
261
777
704
835
63
0
370
390
116
277
17
818
535
403
234
972
778
717
8
608
136
649
988
601
591
849
406
44
324
704
730
383
145
990
54
852
714
672
992
332
469
319
700
714
111
875
98
309
683
739
70
240
965
524
833
426
341
588
253
78
7
825
782
478
599
355
572
441
794
59
909
414
720
975
511
395
142
307
539
567
216
61
29
456
931
724
568
977
920
694
143
604
132
453
750
368
388
150
262
663
750
462
655
111
683
176
848
67
657
95
338
701
197
949
178
162
53
966
557
170
500
780
287
762
950
335
804
384
931
736
919
722
521
403
441
916
897
799
208
540
836
852
73
987
407
199
409
763
241
876
973
639
349
129
33
180
435
123
781
34
440
616
692
718
526
512
958
232
815
352
334
483
219
44
237
190
209
689
397
223
697
516
234
199
584
2
346
413
653
5
502
299
488
168
936
767
210
312
172
247
576
511
483
909
113
901
755
434
575
237
274
241
946
441
681
979
535
403
342
187
720
274
57
838
702
213
624
809
449
951
830
758
312
991
926
36
787
274
957
265
445
607
485
143
616
711
494
457
97
856
592
681
634
244
467
7
190
434
47
263
943
545
95
376
803
156
384
933
637
951
264
74
784
821
538
636
822
979
902
588
975
532
300
562
397
169
65
139
36
509
370
7
343
330
125
337
493
540
232
812
715
40
785
46
323
249
476
819
330
631
763
49
743
387
895
956
127
148
781
981
989
207
588
675
14
39
707
398
211
689
936
524
177
858
506
779
242
783
304
178
366
609
74
532
740
595
85
561
873
441
685
642
812
503
114
233
64
715
973
811
712
816
532
419
866
72
761
485
2
380
185
59
87
219
920
439
898
798
977
822
370
964
955
509
181
183
696
739
473
401
159
667
113
180
73
508
211
53
40
550
758
916
836
843
416
499
103
640
702
905
888
135
421
593
757
803
781
340
849
270
789
751
565
210
313
626
155
586
568
895
565
885
58
995
44
63
55
700
229
379
362
703
933
344
229
61
309
975
870
257
513
926
863
729
211
293
84
206
181
611
397
985
427
723
162
844
142
577
158
731
572
426
557
365
773
149
599
195
449
333
590
171
93
864
860
121
917
839
966
603
595
785
589
79
965
278
307
220
789
982
722
74
826
804
656
367
547
690
15
862
444
754
865
430
905
301
64
92
447
932
587
238
962
258
53
806
481
330
704
511
470
665
567
607
153
146
409
520
36
339
185
444
593
137
433
285
416
908
495
303
949
505
160
171
902
712
377
496
882
177
949
32
4
336
449
356
119
826
707
141
699
131
576
936
734
374
556
269
839
808
972
69
755
817
680
909
634
440
341
507
499
370
239
636
660
902
235
991
110
184
970
442
13
592
361
303
582
342
197
610
865
21
157
90
69
369
248
441
675
438
453
626
362
14
625
750
689
935
802
955
156
103
154
170
798
12
0
867
629
884
641
583
570
118
516
754
71
476
570
819
436
94
332
209
930
347
151
435
464
726
402
148
772
347
728
954
433
549
937
122
174
413
179
553
776
313
438
177
966
54
516
246
329
660
823
348
471
181
437
927
685
872
343
735
201
353
679
358
770
461
231
758
967
836
935
4
908
224
102
467
684
828
386
735
888
35
362
231
421
775
664
438
187
562
844
254
153
20
324
233
694
945
656
709
275
710
57
387
917
320
258
261
478
914
822
82
923
321
905
479
31
533
723
203
766
334
967
511
519
256
721
544
209
941
134
930
214
886
806
243
868
925
516
242
392
490
614
114
590
512
871
966
131
124
586
731
419
193
786
412
423
986
76
670
286
981
534
434
564
256
841
320
472
716
977
990
159
426
21
500
830
854
706
978
748
959
898
241
134
951
273
643
181
149
337
1
242
381
99
359
137
249
222
853
115
191
540
405
805
286
695
235
190
317
340
606
790
914
613
66
450
812
610
232
884
814
298
595
408
713
755
702
689
348
609
183
529
410
603
699
319
233
777
933
211
810
329
14
477
114
922
594
684
892
495
5
378
688
445
784
556
548
232
732
272
70
711
546
439
819
328
188
562
375
934
547
416
218
543
951
941
138
26
116
991
331
950
831
970
392
349
605
100
76
775
356
186
442
691
905
17
685
896
485
176
301
578
908
458
279
928
995
466
703
99
166
80
340
521
507
296
721
102
702
745
172
668
826
131
108
529
185
674
332
199
840
807
406
26
570
221
542
370
719
121
116
279
513
946
845
220
483
808
839
365
823
690
159
394
562
495
473
230
613
70
875
49
3
961
655
720
290
724
154
735
512
100
150
421
660
498
56
109
781
710
535
37
139
152
970
159
384
138
580
93
283
754
752
185
57
588
2
330
416
580
81
603
313
576
152
526
577
371
883
534
444
278
980
898
47
154
402
93
89
889
682
778
820
258
917
148
238
890
494
388
839
360
566
540
494
665
998
8
52
522
440
444
237
628
147
632
902
986
657
993
967
662
78
377
815
697
23
950
622
801
797
984
628
868
205
156
115
731
213
974
179
67
988
763
178
460
318
708
181
332
340
166
24
534
460
447
518
660
618
907
310
508
803
460
514
213
25
496
325
627
464
460
736
952
859
655
616
659
724
345
576
157
199
218
599
421
825
823
542
246
322
271
960
526
444
699
414
135
231
732
430
915
467
343
647
8
33
275
252
811
391
987
571
520
94
295
168
136
241
621
835
267
27
133
474
829
813
586
452
893
788
476
820
216
547
122
350
45
186
468
881
289
403
271
489
458
588
34
255
105
422
558
0
673
241
666
599
628
74
236
15
356
778
291
850
407
28
345
751
875
794
822
499
897
860
32
191
215
711
503
337
469
574
44
898
297
824
338
107
102
861
405
613
239
14
342
228
530
928
424
750
735
709
741
534
376
535
922
184
170
930
490
984
545
37
478
940
842
980
465
306
433
885
193
519
67
252
777
774
46
366
908
241
789
734
397
326
936
400
770
569
360
352
902
170
959
550
893
667
62
160
90
121
184
195
332
820
764
712
192
972
888
791
216
130
352
435
233
736
838
34
378
622
228
142
104
402
509
565
999
259
593
706
906
618
751
773
603
942
316
318
407
194
698
585
241
493
533
294
406
406
759
665
128
802
434
809
772
316
981
287
391
735
48
988
389
587
178
247
481
234
594
74
745
829
866
544
873
696
423
885
480
806
85
385
184
234
248
763
926
508
53
351
553
852
630
163
31
911
21
700
491
979
8
623
331
208
682
662
230
636
59
962
947
515
173
943
684
890
527
345
833
766
263
585
169
518
728
20
844
514
524
616
212
918
442
539
409
607
480
578
915
376
748
218
874
753
476
175
82
429
462
823
147
599
841
818
276
17
378
673
959
344
267
135
696
151
325
792
399
102
471
837
925
422
831
737
451
340
460
956
93
688
430
857
206
458
421
597
893
640
407
823
629
405
166
926
411
137
373
12
904
681
986
349
238
915
495
91
824
361
275
330
977
583
678
587
927
258
617
423
976
943
43
450
602
758
961
17
609
137
365
921
585
156
943
86
164
363
857
916
189
202
851
382
379
13
759
889
449
189
128
891
202
652
852
69
786
509
224
467
95
451
946
748
446
556
593
778
907
161
96
128
360
893
994
467
550
775
744
198
834
390
350
350
886
481
299
134
176
256
855
664
416
746
271
393
283
556
203
280
237
242
209
139
395
333
203
189
134
473
59
560
52
994
470
3
512
778
430
696
946
794
634
389
401
483
808
44
196
279
435
745
504
985
463
840
12
950
705
201
744
494
516
537
492
443
230
46
269
509
577
694
626
407
77
149
764
370
99
609
260
955
420
891
631
372
935
701
292
68
354
226
279
339
448
407
294
583
705
436
431
276
47
382
564
483
588
116
63
490
313
300
616
828
114
18
806
988
765
924
290
643
729
429
799
604
315
100
549
968
699
448
645
228
517
666
70
115
675
151
478
536
129
921
772
684
353
625
514
928
940
722
633
8
569
485
140
612
368
189
206
596
680
870
32
0
566
831
474
857
703
17
179
711
340
883
452
584
548
220
958
354
408
356
148
741
8
815
379
872
307
678
501
558
211
227
517
301
31
586
998
995
2
799
292
373
849
888
995
965
425
888
70
383
535
932
312
88
425
461
391
716
473
963
670
467
522
747
145
830
275
429
180
204
337
340
916
708
386
370
911
366
931
288
319
618
346
567
177
964
568
134
612
115
438
416
133
341
736
601
719
729
391
813
944
16
25
997
911
856
147
687
666
111
486
416
748
312
495
417
786
453
777
243
895
682
429
545
549
841
481
1
164
824
375
750
344
795
236
61
98
182
801
233
761
316
110
613
113
461
290
366
297
191
584
699
154
196
155
609
164
388
105
103
427
111
118
27
454
401
832
792
104
986
415
189
687
217
591
754
714
61
622
529
344
55
120
455
523
375
571
518
500
385
788
472
752
515
728
930
615
423
319
587
685
904
522
903
42
754
125
268
452
947
80
176
484
103
495
821
350
701
586
291
865
36
335
464
327
992
426
990
287
447
582
529
990
859
918
603
244
124
701
110
394
963
435
406
809
461
680
760
885
554
763
283
393
913
732
410
173
730
712
114
770
495
850
894
997
648
430
637
690
714
305
85
216
435
132
246
874
396
959
709
174
755
259
203
942
116
392
962
996
708
53
100
907
250
373
743
960
778
774
969
583
288
526
364
394
893
206
509
397
520
352
687
852
516
109
72
245
74
287
756
883
523
901
646
879
396
53
648
555
295
491
106
73
738
328
295
437
350
982
712
724
653
192
867
868
529
454
564
858
453
397
478
707
443
581
333
810
698
69
27
736
744
153
678
306
972
811
987
404
713
776
217
372
400
969
604
225
685
113
228
113
11
71
185
682
575
97
933
928
54
808
455
477
244
59
679
439
354
260
843
116
267
502
573
632
795
688
54
999
229
987
508
654
327
623
563
627
12
276
738
541
374
396
621
925
37
318
499
620
593
357
43
111
536
815
184
542
668
305
718
378
484
624
751
604
813
738
855
370
381
723
576
748
884
36
627
261
392
485
892
573
107
619
440
483
507
325
582
736
310
96
215
327
423
499
323
96
385
756
834
987
447
753
435
138
318
843
636
440
288
461
215
157
382
714
174
571
353
764
867
795
565
225
582
808
346
872
51
190
760
170
919
539
990
195
647
811
127
975
149
650
666
889
664
474
445
55
759
180
46
234
507
699
989
353
262
396
568
4
483
209
228
838
458
629
438
228
992
91
516
635
177
287
890
518
476
405
204
444
362
896
581
976
953
603
610
570
859
548
110
187
14
599
187
342
160
350
370
681
697
749
615
43
965
475
884
303
76
189
279
831
368
749
987
60
731
81
225
193
234
462
448
360
993
418
960
884
612
936
607
310
248
494
773
803
92
163
835
825
607
645
507
578
911
855
755
418
763
495
588
771
62
533
858
264
233
951
967
982
323
385
856
645
271
858
987
526
826
466
459
912
928
264
346
675
691
48
595
253
694
266
385
58
500
613
583
342
552
193
892
758
960
853
722
477
811
589
740
338
564
69
650
463
51
963
202
516
982
326
253
346
153
437
499
212
791
11
539
591
843
270
491
378
520
126
513
192
921
203
284
378
406
207
978
74
875
450
942
499
767
156
885
244
134
486
470
427
443
337
140
286
182
968
161
28
230
994
40
402
819
743
255
90
690
372
120
30
534
257
442
202
983
487
864
536
794
671
198
21
645
510
172
712
741
852
681
746
494
164
292
80
302
646
985
734
206
120
543
39
574
627
866
607
796
610
594
953
121
333
367
548
896
595
519
584
100
310
70
143
165
488
505
846
198
108
839
682
950
247
988
576
384
774
83
141
394
737
583
428
199
380
286
958
937
590
107
715
486
306
790
918
854
147
866
839
423
965
723
826
316
662
523
85
345
44
519
759
963
544
594
868
648
367
742
597
187
322
90
260
529
771
828
277
277
672
508
504
900
780
331
642
255
328
207
788
995
697
580
915
630
947
168
182
175
644
923
383
130
579
48
672
992
278
245
887
47
635
427
12
155
574
258
31
88
18
205
526
675
59
77
444
212
103
276
78
490
693
1
990
859
85
947
586
206
423
307
984
272
288
914
488
47
336
92
499
893
262
520
449
141
108
574
862
579
31
996
54
379
231
780
560
730
93
389
7
656
138
324
19
178
404
638
743
659
707
901
307
362
522
942
913
876
561
171
61
247
0
201
933
504
742
768
960
897
598
178
131
851
235
418
158
731
770
699
534
332
814
818
787
162
426
425
161
326
742
16
524
515
364
746
517
243
541
498
562
190
117
752
57
233
821
411
20
919
239
148
848
15
963
429
959
729
888
221
158
358
183
722
833
723
97
953
443
777
673
28
41
805
604
392
958
255
541
290
865
905
21
150
714
942
375
972
804
668
178
392
267
279
424
931
503
284
11
539
514
406
350
52
691
985
177
265
317
729
631
268
25
629
706
181
631
286
14
330
420
822
99
227
85
103
540
905
706
185
556
611
222
751
40
69
531
470
272
157
386
283
431
763
184
976
353
220
876
891
516
75
604
955
287
245
48
824
112
311
974
454
138
38
812
357
395
683
509
689
659
169
66
449
24
396
794
853
367
520
76
921
685
779
721
160
755
848
615
63
680
865
783
24
888
192
360
431
66
98
93
365
552
465
481
22
503
556
507
729
150
365
420
4
788
255
229
225
306
857
230
552
47
755
825
386
66
469
973
856
938
495
543
870
210
616
258
480
120
142
871
23
836
870
432
879
70
825
806
912
848
708
378
279
795
690
808
945
221
184
840
452
23
364
39
233
693
883
930
73
431
774
858
827
93
720
267
136
951
119
470
724
634
812
599
408
622
192
592
384
452
837
988
638
125
559
377
2
766
805
556
799
720
584
656
314
115
775
689
673
203
539
827
862
338
350
600
631
437
763
614
100
827
162
526
108
336
3
521
115
832
196
301
820
782
304
773
471
236
950
863
384
869
75
383
812
310
165
385
648
812
694
124
816
215
481
313
664
779
932
187
875
839
201
48
285
694
811
37
935
123
42
585
263
346
619
336
753
290
390
775
839
462
805
239
672
674
911
522
831
595
278
523
915
919
195
858
487
460
555
333
797
653
822
218
611
22
381
64
714
256
933
350
951
816
668
43
977
138
815
685
462
876
989
413
985
773
956
167
412
772
990
991
157
556
895
607
625
669
414
53
26
678
934
25
446
774
160
500
542
723
806
629
519
786
902
989
544
604
625
938
697
57
159
272
948
502
65
787
355
42
987
98
758
183
788
701
742
908
203
183
683
791
648
790
327
928
972
767
829
152
541
575
969
696
706
741
670
599
520
227
766
939
359
826
41
112
844
5
533
38
251
934
397
948
760
173
770
363
450
935
667
574
557
235
242
117
755
896
117
89
415
34
525
402
61
211
7
420
961
998
237
7
83
926
664
190
811
742
11
815
734
322
55
473
997
210
639
356
967
830
895
602
91
213
822
852
876
40
637
647
336
379
635
597
751
540
166
167
781
644
336
64
915
754
724
261
569
767
227
961
112
604
328
405
167
495
268
956
365
85
974
941
61
193
939
410
955
170
86
485
297
979
340
754
822
156
582
191
796
934
244
303
716
700
171
918
496
909
954
312
221
933
423
795
427
259
577
714
859
846
713
235
444
992
594
864
241
149
738
417
883
572
660
827
30
684
708
770
530
106
710
978
593
294
131
427
615
822
401
19
523
786
309
269
361
919
720
7
98
511
691
513
561
277
441
761
962
398
832
164
489
667
858
935
627
243
678
460
997
854
566
671
240
236
390
992
982
499
872
499
348
911
278
883
371
852
365
821
44
16
802
792
408
739
236
467
873
536
389
359
657
405
710
67
541
350
238
735
541
737
343
624
939
258
910
217
757
446
557
971
760
628
510
819
227
487
542
689
318
401
707
770
822
26
500
475
646
486
852
342
818
844
634
657
195
794
383
153
522
902
157
878
747
984
553
240
576
171
709
247
342
450
141
896
32
871
19
819
879
950
121
337
931
81
115
971
392
989
574
22
231
185
993
19
224
822
862
371
313
442
13
447
718
887
566
893
53
825
936
78
452
564
843
429
185
555
687
730
630
701
703
804
672
666
229
942
426
4
906
120
995
33
682
622
112
372
562
965
575
131
152
354
289
275
446
653
619
87
25
298
490
904
596
176
376
134
940
66
383
533
336
388
153
787
824
984
402
717
294
285
370
513
581
377
923
638
189
373
595
792
951
367
334
32
947
349
92
256
444
53
98
372
613
82
864
900
979
888
22
222
182
504
884
328
716
559
948
595
84
754
198
267
612
852
992
75
144
415
608
341
16
297
264
271
316
782
116
801
46
707
482
267
412
795
807
628
25
842
626
813
47
734
224
732
380
158
787
108
94
131
47
921
955
699
731
913
897
964
648
182
191
461
433
544
654
424
319
888
776
740
856
440
363
240
724
294
506
561
115
510
993
612
646
855
98
967
273
374
65
169
833
782
528
242
680
122
440
621
258
129
757
643
58
256
28
129
799
821
251
665
389
335
774
302
761
443
322
728
100
538
199
432
307
270
679
918
449
811
861
974
666
994
899
376
797
640
221
847
292
470
364
273
451
594
976
965
59
818
85
236
858
720
456
549
65
465
398
516
122
944
401
301
427
336
80
618
291
998
378
53
920
285
31
279
899
459
651
950
241
640
192
877
838
886
663
589
960
364
946
945
293
341
801
584
890
54
303
852
858
237
320
543
583
637
593
669
928
677
804
476
534
424
311
688
964
367
384
491
884
379
255
985
112
743
576
898
683
201
3
353
477
705
866
377
828
962
22
368
86
550
582
195
128
823
766
856
761
359
296
843
536
392
465
616
950
728
570
111
634
413
313
910
568
998
564
776
613
465
754
619
497
585
398
960
489
888
721
987
215
794
266
337
121
498
36
138
643
157
644
700
66
476
222
439
263
648
795
815
27
230
105
668
693
434
519
845
45
935
891
707
92
172
394
402
498
659
228
754
716
635
729
452
904
637
804
39
350
851
394
227
397
892
519
629
622
789
590
400
217
338
170
629
547
473
333
569
561
831
84
245
283
660
390
347
912
810
592
428
473
483
62
366
101
72
271
11
913
150
142
965
865
82
240
709
24
325
175
850
840
939
394
679
70
46
454
550
981
999
774
160
781
228
178
694
528
885
191
74
497
441
867
326
329
798
827
310
919
773
307
778
971
83
193
43
624
315
374
647
500
625
234
752
53
867
51
422
401
824
185
429
770
258
642
761
588
839
453
910
60
75
669
580
575
658
316
215
645
185
81
652
288
348
255
832
812
970
332
27
717
404
843
1
944
317
254
801
15
308
835
615
772
812
218
20
880
524
552
605
993
154
627
825
94
859
179
371
569
54
161
688
984
366
487
410
527
830
179
219
837
15
377
214
697
780
477
486
802
863
362
146
328
348
81
88
122
411
425
767
205
843
831
369
197
994
306
12
515
25
582
978
715
140
300
502
153
839
850
95
320
188
564
250
670
58
742
623
712
663
708
406
981
933
473
698
585
691
880
179
897
762
139
570
861
728
981
381
295
850
598
226
183
761
819
752
704
239
431
993
403
788
682
268
686
977
211
728
736
213
189
826
627
773
196
503
567
630
123
525
111
207
36
483
74
802
315
186
481
657
983
619
800
261
709
311
618
209
858
438
325
29
317
831
863
111
760
46
796
995
529
643
989
467
713
439
775
986
896
794
629
683
762
320
226
431
178
754
151
202
258
640
861
815
44
340
368
810
104
249
129
683
763
139
294
683
736
857
359
510
861
357
128
744
957
204
70
773
245
40
176
553
822
458
804
838
910
733
826
523
274
879
953
393
964
529
980
361
21
533
281
545
688
518
606
134
259
331
384
164
890
238
945
608
122
265
757
534
150
720
922
958
450
897
121
18
298
744
517
491
45
79
247
688
884
91
19
0
553
722
707
303
93
984
518
317
378
136
37
804
882
135
842
992
954
229
205
57
911
301
380
947
755
324
518
967
60
526
372
514
226
491
500
987
858
513
940
466
891
931
664
260
564
879
88
587
137
542
920
850
712
820
781
855
100
599
409
137
494
236
780
520
138
925
319
995
189
422
93
157
73
319
81
601
10
148
646
925
480
952
39
227
530
17
156
33
307
52
677
482
196
841
206
950
918
81
319
124
82
220
343
552
478
647
541
184
374
858
938
616
237
104
766
21
679
791
125
455
77
976
478
719
419
336
136
424
265
989
378
834
524
476
965
921
737
295
679
68
453
772
423
257
460
464
176
718
100
324
973
83
397
141
79
532
895
711
750
26
232
668
73
40
697
549
603
250
771
523
997
554
331
712
570
13
736
351
546
442
421
746
414
611
399
689
205
380
228
128
666
856
750
442
51
874
883
194
109
153
978
968
529
253
316
760
245
406
973
222
800
941
942
453
310
97
136
800
908
531
894
504
321
758
7
787
538
477
287
678
632
401
994
113
479
2
820
73
765
330
351
891
661
809
26
67
368
451
971
900
648
662
337
650
208
120
200
4
298
629
209
918
214
397
118
114
692
604
7
166
719
316
916
169
350
357
527
550
960
52
20
547
84
849
857
572
618
666
596
296
929
597
533
462
997
875
626
360
28
712
665
564
390
967
629
20
151
467
375
924
171
624
616
433
316
551
521
568
83
856
568
748
345
770
111
201
96
934
442
974
635
594
621
928
958
65
424
744
523
751
984
727
843
250
115
232
174
453
703
787
319
574
639
578
134
727
811
637
563
954
347
704
884
685
89
484
819
885
120
186
623
646
36
835
678
344
431
6
668
54
989
753
978
944
206
648
653
281
869
460
434
203
785
570
628
381
423
700
49
910
634
101
887
740
273
326
270
293
275
606
850
655
425
174
144
859
159
370
730
843
257
691
857
668
431
617
230
967
180
798
157
394
649
14
206
860
721
690
905
525
696
396
542
35
421
485
46
561
593
682
57
42
947
541
661
419
841
648
791
615
109
260
442
956
633
231
169
98
921
748
530
900
100
701
570
991
54
915
343
367
461
790
853
89
486
184
944
763
508
123
515
152
732
595
603
104
727
942
356
963
245
320
597
110
106
436
770
566
920
452
558
905
570
553
667
861
583
374
816
176
867
759
734
326
518
815
998
721
159
471
586
747
617
538
383
759
39
821
444
85
839
516
273
196
457
991
519
25
947
852
856
862
138
862
371
839
287
852
678
717
939
76
280
21
512
509
410
563
158
812
737
175
767
534
292
138
832
853
236
474
836
598
668
769
286
319
822
740
259
173
264
343
849
99
361
422
528
439
820
470
164
966
616
1
444
336
313
193
682
774
431
28
407
400
752
197
402
195
517
787
693
223
174
915
885
647
979
193
412
690
488
140
204
782
979
487
658
628
245
875
692
374
779
458
584
389
337
438
859
872
186
808
355
990
878
261
642
556
880
907
423
602
34
569
98
184
847
692
948
519
725
446
745
594
182
64
779
778
65
304
996
624
690
670
32
526
554
329
684
95
84
831
511
13
878
201
715
201
400
588
576
844
796
300
158
92
169
51
508
675
590
519
58
730
624
138
639
410
424
3
736
683
972
346
702
117
648
0
618
468
305
820
872
409
982
963
630
762
771
919
135
804
187
280
240
487
593
104
749
352
83
543
449
244
724
487
129
391
933
898
812
709
807
496
858
624
463
837
757
304
934
599
160
728
404
101
762
5
25
706
927
786
376
233
164
110
360
3
748
151
623
260
460
744
493
683
352
358
811
448
560
40
391
144
762
557
901
299
109
551
187
55
599
77
49
597
20
318
595
185
267
633
252
72
351
234
953
698
943
999
71
142
90
728
265
789
115
149
971
702
812
721
748
961
994
844
707
823
341
863
650
46
842
544
847
99
687
486
812
504
339
206
45
341
479
139
122
346
189
285
80
347
419
824
56
572
708
653
955
164
500
942
352
550
149
602
204
761
275
408
133
794
152
937
987
192
292
230
107
325
981
96
730
460
583
79
330
597
113
530
372
78
52
37
714
724
928
481
623
87
28
877
254
939
250
618
140
474
797
252
187
431
584
220
699
614
924
330
95
552
45
496
738
170
818
218
748
364
679
994
341
575
232
191
868
512
133
430
276
801
653
41
580
751
320
395
721
630
309
334
931
656
204
459
89
164
177
520
753
83
405
256
496
543
771
653
546
140
692
88
199
640
928
489
123
711
490
602
8
350
670
445
241
49
905
990
725
857
549
76
198
413
400
857
558
377
104
168
326
524
293
254
946
651
602
305
243
75
770
829
978
300
475
293
862
416
10
415
643
627
851
496
607
973
74
127
42
274
219
390
617
139
586
162
23
70
976
715
913
208
460
79
12
82
385
146
278
873
257
312
325
871
542
354
856
216
832
303
520
183
737
586
66
342
481
49
980
109
158
534
753
233
203
534
995
310
380
670
972
559
667
94
849
642
427
398
588
529
47
252
36
930
469
168
323
385
68
503
900
475
103
275
278
411
261
260
234
402
254
223
501
959
701
52
162
854
269
678
295
157
313
796
402
265
3
884
993
255
296
143
171
542
735
512
837
298
676
414
821
196
646
48
588
700
593
776
972
353
696
472
263
55
571
665
367
319
336
443
975
596
841
639
885
761
971
0
690
641
278
175
16
254
421
302
999
603
340
572
643
5
977
183
358
580
97
688
493
687
64
264
682
693
835
753
214
80
470
391
888
244
53
765
183
286
601
467
80
263
450
781
924
248
731
968
928
335
414
445
674
583
253
720
302
534
442
266
419
775
644
649
836
328
63
362
638
839
350
877
435
309
567
743
569
844
811
693
715
797
80
796
705
770
893
629
750
402
938
741
70
170
98
419
762
97
486
699
754
116
679
808
621
600
399
486
504
23
580
932
401
41
570
400
438
643
484
709
151
325
231
760
21
958
563
912
757
562
743
204
621
243
96
622
210
733
461
181
820
659
194
680
590
712
319
590
702
856
317
35
61
925
700
293
883
333
268
101
842
872
862
760
621
351
909
605
638
392
887
785
369
838
690
54
720
517
53
234
443
548
84
884
571
355
423
657
548
620
616
612
837
190
455
837
309
708
956
488
420
524
343
166
843
627
423
729
745
301
390
64
643
659
174
459
214
653
602
144
220
599
131
507
313
193
758
821
153
373
206
611
745
773
779
992
502
301
22
397
765
364
135
644
96
792
646
292
338
175
203
694
952
602
178
830
707
244
222
965
238
784
97
483
488
680
53
642
223
602
226
502
74
413
973
745
728
33
65
771
930
789
436
430
818
978
833
559
751
412
765
56
758
88
976
675
606
81
266
233
8
845
648
529
490
636
82
308
310
145
786
100
971
161
42
405
64
545
178
284
528
460
621
236
7
481
32
711
599
571
326
722
231
306
179
89
121
423
35
329
766
372
749
332
825
506
721
95
589
772
979
568
979
105
268
539
628
575
228
588
407
42
286
710
759
997
95
506
356
423
92
516
645
790
303
535
327
602
877
400
885
367
200
391
308
878
188
994
417
838
888
213
561
468
899
748
628
937
737
497
95
506
648
576
5
739
715
735
394
149
50
563
892
223
604
638
318
904
946
981
506
474
473
438
938
50
436
622
954
820
660
992
46
108
213
626
828
975
958
538
438
584
956
78
134
606
667
712
6
3
387
720
219
951
3
587
709
386
412
90
390
945
532
469
964
472
942
822
61
86
347
275
838
574
327
323
776
2
810
33
431
930
969
94
776
521
488
225
839
232
631
658
354
716
38
420
70
827
814
576
908
684
398
590
39
796
894
79
420
69
236
182
790
353
417
308
22
76
902
307
892
799
336
266
628
57
582
215
943
912
851
588
277
973
132
280
756
814
343
773
368
677
205
105
991
445
79
158
296
940
801
93
567
140
541
392
959
740
406
228
653
148
375
109
652
814
56
195
179
703
292
475
319
460
450
88
502
266
894
744
921
830
836
163
661
651
0
270
495
225
700
638
713
98
431
24
590
201
839
942
501
540
491
283
589
328
783
783
54
763
316
22
655
916
331
122
754
998
718
545
64
468
580
498
874
111
727
865
285
259
660
226
217
112
614
746
663
155
199
480
140
972
484
443
934
3
987
53
617
892
748
925
631
537
593
539
138
423
195
348
951
112
11
173
457
607
458
564
719
595
414
377
251
427
817
84
192
511
647
89
351
623
220
318
470
605
271
421
966
437
23
380
895
973
305
530
610
175
35
556
739
187
304
613
856
409
808
157
339
757
12
952
184
267
83
975
243
986
387
836
953
61
951
702
721
996
561
77
696
753
821
847
637
414
370
601
879
532
174
713
425
559
484
320
167
845
549
765
9
261
312
405
393
924
151
998
809
874
32
450
846
188
500
386
219
714
512
536
916
640
557
438
400
146
542
580
73
841
357
916
676
498
195
778
15
886
555
880
564
268
145
110
305
201
620
142
920
538
532
142
138
553
298
870
595
163
124
689
186
794
105
608
688
446
255
370
914
950
878
752
476
140
424
612
588
7
984
594
424
74
141
711
158
377
513
774
238
548
842
498
293
788
740
613
17
587
584
398
404
360
982
897
71
