8075
9381
6066
3634
2211
8576
7963
4765
7366
8424
5192
5995
7986
5764
517
7987
3466
4373
5154
4684
7157
6523
5678
2551
1503
1028
7084
1916
78
3890
7731
8944
2320
6472
3281
1696
2640
3089
5455
4124
6615
8076
671
3411
1727
6680
8401
1174
9298
5048
3814
3836
2225
2516
876
9890
288
3212
8696
8652
6319
104
7378
1373
884
1185
3386
7247
7076
1126
104
1807
6704
12
6401
1496
4396
982
1718
3882
2283
5692
3382
8695
5750
8795
355
9194
5275
8985
3650
1348
1506
6595
2028
7492
2859
1829
50
3074
2323
2165
6381
3721
6934
828
8643
2895
5726
2946
1462
9202
3225
1733
3558
8800
7833
5366
3191
9283
5428
9424
9805
7815
9180
9845
883
7529
7737
135
108
751
3058
320
80
8638
395
4591
7432
7307
3145
1504
9653
2914
9904
5110
7483
1468
4173
3399
8859
6913
3968
4212
7981
7882
320
4787
5340
6097
8995
9372
1868
6311
165
5036
2327
5554
6805
2185
4404
689
2976
5251
2681
1022
6357
1123
5175
7919
7143
3475
676
6200
7265
122
7239
5264
4947
6946
9499
1310
2507
8839
2790
2225
1071
9566
5204
2329
1159
7151
9916
9781
9911
3473
7268
7738
6954
689
1728
7420
1530
8878
1782
3756
6956
548
6589
2975
8441
5972
5028
6902
2822
3996
8239
6527
7989
8248
7067
4600
6516
9716
2227
4731
7268
1356
5099
4538
4660
5491
3018
2216
8283
4013
6181
5954
2501
1449
1573
312
4021
8878
3018
2924
9672
3920
4074
3526
5450
9695
5842
2321
4498
6509
6797
7862
7272
3930
3714
7779
6919
5966
1575
7767
94
8818
2452
6492
9536
9147
2803
5282
3467
7363
1955
6612
8694
614
2203
3561
1283
535
235
2938
3428
9277
9535
6891
6729
6893
7949
6695
184
6517
1741
1068
5238
65
6984
7040
7857
1966
7353
3183
2368
3081
9969
8322
7106
1187
791
6222
5811
3428
2459
8534
4189
5640
6507
8877
6363
8874
1167
4300
7609
988
3215
8748
295
8656
6229
4529
7900
5494
8733
9556
7128
6051
505
8443
3345
6474
256
5190
6511
922
8054
4201
5619
5331
2071
2273
946
7877
2573
5957
6207
5368
242
3243
8422
2034
8607
6931
9558
9784
4978
3076
4614
1828
6734
5729
9080
639
4748
9384
6170
876
3568
3095
7609
4689
6295
1467
9456
1042
4315
8278
9055
9676
7433
2524
8519
6123
714
1227
433
5720
9917
5508
5582
9250
2214
4042
1529
3575
7647
3014
2985
9616
9452
7172
915
2183
9853
4014
9804
357
7373
1924
603
44
4744
484
9693
3454
6009
3371
9138
9673
8096
9720
3317
1391
5699
4841
874
8870
9836
2757
9567
296
944
5685
1157
8536
4575
7663
1560
2498
3591
1073
3273
8909
3683
1815
3101
7985
4161
4233
2622
6383
1809
1235
9695
1697
3962
1858
5261
1870
9174
4792
2945
2522
6734
6525
8578
1528
7808
9938
3384
5693
3788
2339
2811
7283
4559
8488
1914
566
5574
8343
9351
8366
1908
7722
5647
4138
5246
7881
9016
485
2868
836
9011
9064
9402
4384
8352
9868
8789
2235
4817
5178
1073
348
4807
6897
9422
732
5704
1362
7516
4971
4771
4363
4363
4849
2570
7727
5189
4530
1277
2559
4551
2157
9720
5719
810
4593
5698
1863
5312
3645
3574
9324
2122
8178
2671
5371
3351
5958
4973
6313
7190
1192
3556
7146
7788
1836
3667
7764
673
626
2306
4095
6165
4343
9332
8139
6544
5543
9788
7630
5927
9292
8284
7065
5419
9864
2313
3141
1419
1244
4554
8783
1001
7155
6848
5774
8586
3374
5295
4141
5207
9900
1161
4057
5489
7477
7868
40
9105
5827
9762
8804
6894
6638
6599
9635
1111
7890
3688
6932
4016
4704
9878
792
8057
766
4393
2619
7066
5835
1889
7326
5067
9875
8344
5554
8335
1531
8196
5682
5297
9162
3048
973
4919
3461
8746
5503
1475
4517
4575
8636
1497
4070
4931
1192
4330
7151
9909
374
238
7961
9950
9514
9537
8461
4274
9821
180
7983
2223
2781
3556
8497
9570
8078
6296
1237
8346
9489
8403
6195
5572
9920
3530
515
9301
4371
6592
360
2294
2882
3820
5018
1145
9943
2044
765
1914
3070
3267
5955
1537
6989
3598
5179
8132
4122
4516
7364
7722
4254
7035
1010
3914
7652
1432
1435
8817
9421
5118
8911
5474
5955
9032
4610
2583
6184
4449
9848
3350
2490
6800
2571
9856
9509
4930
4620
7875
2262
4415
8180
4126
5976
9119
8261
5685
9517
7893
2258
9850
3609
8057
8983
6795
1070
3188
7847
2556
3248
3044
2416
8745
5925
1792
8781
2749
3579
6053
6072
8257
8501
1966
8265
5868
6867
3330
2016
1320
1518
2407
7083
8981
2669
3621
1572
5943
934
8742
8506
5339
5028
8777
6571
4663
7186
1573
459
4591
433
8875
3491
2227
7356
9780
7705
8533
1061
5449
1271
7865
955
6914
8347
8086
2555
6646
9883
7817
9696
577
3922
3224
25
2708
9899
4772
9509
9797
1081
4535
5901
39
8625
3453
7534
5429
1974
8288
6385
7256
1374
6155
1417
8905
8149
9504
9913
3919
6206
5925
3263
4585
6561
4904
1985
6632
7862
5444
6530
6804
5341
2556
7553
3951
9783
9443
4991
3718
1684
2558
8571
4339
2186
1234
8651
5568
5774
8263
8601
230
3635
3390
8728
7203
5564
1087
5777
5290
8879
3610
9518
7124
9737
1679
1410
6357
3768
4138
2484
2714
9416
7926
534
9101
6429
402
8454
8219
5114
9920
5744
3181
9837
7178
5789
2450
5335
5520
61
1038
7003
4108
9421
8059
8577
3111
3796
446
5256
1924
2720
901
9238
6090
7608
1612
2077
9903
8141
9662
9229
991
1138
8729
9439
8172
6341
6538
8549
8783
7897
2808
5756
8461
9761
8444
2491
8374
7339
2686
8395
5590
1783
923
1426
2702
2435
8482
7757
7485
4628
3470
3738
6631
8067
2781
4832
2584
6049
2560
6347
1954
5913
4827
6039
321
8817
1324
2345
8928
6587
1992
2325
3941
4270
7153
5279
4151
7708
532
3009
9952
6096
5374
2070
1981
8295
5279
6385
7458
5992
854
2813
3978
8704
2332
2369
2348
878
3982
8383
106
4248
7825
3386
9699
456
4314
6322
6264
8439
5653
1566
1996
5669
8467
5892
8868
3058
8577
2983
206
6155
7827
9470
8926
6388
9743
4125
7986
9502
118
178
9687
3270
1613
7599
6134
6250
6410
4303
3926
5848
5051
1366
965
2325
1327
6329
2529
9175
1016
8327
7648
4528
1256
3123
2351
6439
8664
3375
6440
5381
3032
8278
8220
8728
624
8070
2208
455
4821
4633
7765
659
5624
3007
1151
7478
9016
2377
8279
8332
200
2132
972
5354
8522
5471
1316
2335
1867
8523
4432
533
5416
2895
7501
6500
4350
9029
7271
9412
6704
1573
120
5308
1137
3035
1182
3372
7121
7271
7259
659
7940
7921
198
1086
5102
5255
1502
1886
747
9125
2927
2789
5691
768
9981
668
3338
9247
8045
5428
4446
4854
4435
6631
2233
400
4582
5258
4079
1112
9424
5138
3025
3012
2674
4447
1384
7583
1764
7913
5245
7474
3337
5638
948
4478
5265
2438
6890
2216
8680
6107
8947
8865
7452
856
5366
3025
9915
5396
69
5216
4667
7819
7411
3329
2964
7842
8810
9435
5768
373
6165
5812
5170
2846
4552
2637
5900
5892
3200
6532
394
7470
9492
7290
6836
8258
9498
6722
3970
2719
5255
8946
8479
643
9422
410
5824
6522
7994
462
4590
3524
6439
4913
3038
8433
4938
768
9314
4315
7424
6680
2425
5264
3796
8293
9601
6603
7258
1528
2765
8782
9
6515
6689
8894
5782
420
570
6267
3451
3741
2891
7387
7494
5580
642
7890
6365
1180
1625
8895
6784
2262
9736
4662
5591
4341
4199
7765
1162
6597
4657
326
8944
6263
9205
2896
1598
884
9478
5898
6657
8987
2386
5053
9975
3273
2224
5589
6280
1764
2306
5156
6290
5748
4858
6259
3202
9871
9881
2198
2398
895
8563
10
8814
6257
1070
6589
8236
365
6632
5114
5729
3021
3368
6992
510
4844
5597
8830
9212
2845
8852
4606
8811
9605
8261
7755
5655
3462
9612
5760
3865
8665
2517
9038
7530
3318
8880
8457
2786
3987
9861
5280
7070
9047
9057
1335
3775
970
8174
99
5407
251
2288
9521
8463
8301
7436
2883
4508
7167
243
9800
2001
5287
8172
9031
6085
122
8160
1224
1780
4602
5951
7551
9052
476
704
1973
8718
821
5253
5701
7876
6434
9037
8352
4690
3344
8979
6830
8485
1038
4483
3602
7576
9805
1981
2136
661
320
8802
4717
3800
6278
3419
5579
8607
8162
5530
8048
3726
6083
4280
3690
5936
3221
8221
4401
6967
6835
3981
6337
7476
3990
6480
4674
5154
6767
7850
261
6829
797
1465
5742
9968
4252
8558
153
8092
8394
8114
4074
1492
7079
7577
8165
6357
856
724
390
3844
9816
1952
2511
4895
8108
9196
3164
5173
4865
7433
9027
3793
5589
6634
5709
7809
2606
3626
7596
2230
4443
8268
4169
9988
2021
1998
27
1817
8673
55
3733
6251
1029
3327
1964
1145
1860
7166
467
6563
8536
9868
3542
7222
8827
5448
8800
6767
4082
3732
6329
2625
7911
9661
5967
5026
8241
1641
591
3311
3810
6841
6752
8672
6813
638
4445
6391
5121
3864
7501
113
823
4825
5249
8463
2868
5080
8009
9662
1003
6801
19
7890
2691
7625
4993
690
3967
4656
7061
2700
2512
4191
1116
2009
8580
1921
421
7147
2984
2574
1629
611
3794
9458
6952
5872
2740
4125
1597
4993
1165
4931
2542
4860
4274
9603
9667
2295
4660
9589
2626
3683
6766
8445
1949
2408
3454
892
1641
1227
429
3637
4198
7837
1981
4077
9855
2653
8606
5116
6608
5182
2140
6144
4815
8259
7881
64
7705
9110
1779
7582
1242
9256
2577
2678
6967
8146
1407
2067
4348
9339
4148
7201
7677
930
796
4557
4187
6811
4423
2584
6438
3767
541
2922
9097
5915
5724
5476
327
8531
7999
462
5151
9487
4525
9246
5294
4363
6508
1834
1826
2205
9568
9397
4215
8904
9603
6981
2784
4781
7442
134
5347
1377
6050
3031
7873
3369
9438
4689
7040
2849
2846
8328
743
8477
1013
3194
1302
5719
2903
7173
9600
5287
5157
7797
9334
2641
8951
1867
4609
8119
3780
8345
4443
7823
289
5241
8186
2272
4228
4670
8234
2070
1379
338
8086
6101
4862
6590
1779
6089
9382
3032
9961
3612
4633
7591
703
7633
699
8722
1234
6702
4961
54
6369
8503
9757
9222
9864
756
6546
9053
2808
6484
4931
7679
6911
5419
7420
9133
6361
4423
6908
1815
2802
5024
910
8668
8262
5502
7586
3837
1496
5797
3229
928
6875
8683
1722
4801
7312
1370
4299
3810
7261
2592
6784
7042
5462
3923
7074
6988
1163
211
1085
3542
9422
5432
9032
3690
8735
8010
4066
306
4390
1408
7707
5532
6972
2096
412
3629
3302
7332
1540
9394
894
4318
848
1697
256
1266
2101
590
3919
3362
3949
3402
1697
2471
7068
2341
3134
7162
1039
3844
8512
5971
2288
1518
1031
249
6279
3872
6460
3528
144
2689
3152
1089
9733
6703
6000
1899
745
7976
1495
167
4337
8213
3280
7521
5982
208
6886
7794
907
1911
9739
5971
4111
5657
8177
5916
9216
9053
6984
8650
5157
2738
6261
9455
7717
7264
3723
7714
4689
7085
8792
1656
7579
4876
3583
7899
3954
6688
4845
3542
1131
399
3434
6131
5790
3409
8798
43
1193
8168
5230
7485
5365
873
9202
7098
2163
2040
1764
5596
3410
9938
966
9111
8241
1251
9072
9288
4139
1033
8790
8010
8100
4432
3266
4711
6334
3979
7875
8507
24
4420
2177
1652
932
843
7659
4726
6180
3243
2271
508
976
6730
7974
9145
4198
95
6537
9292
5934
2957
5348
2017
3145
1454
902
3620
6646
2555
8018
9328
6320
1703
9941
4134
5576
3468
1908
2377
7978
5341
3265
1606
5614
5322
7849
7825
5390
4354
958
8395
7919
2211
7356
1584
638
3709
2186
5852
9368
8036
4864
2558
9685
5108
639
9412
2146
8591
9616
5350
6874
7842
6205
239
8897
5366
550
7061
4861
4705
8866
6634
7953
2829
3747
9163
6471
433
1619
3285
7641
6187
7456
4280
4460
3647
4354
8484
3577
489
7525
9968
8697
334
5480
6505
9581
4993
2288
8151
3655
1153
9145
8620
7657
815
987
197
7672
254
4133
9091
8348
851
4760
5987
2935
8892
866
9353
3583
701
3574
9916
2426
9717
1637
3114
5301
3903
4075
2316
1521
1460
9320
3333
6746
1918
2361
4820
3349
2360
8818
3208
9670
9777
4459
771
3532
4063
1428
4279
1913
5264
9542
8750
9889
635
5592
2262
4206
3733
5355
6376
9709
8112
4690
8617
9050
6606
1377
3802
2179
5299
896
554
9483
1336
5868
2188
2797
3500
4300
5219
6651
9237
4395
7577
2098
9044
8342
3583
108
4695
6307
4591
529
4807
2956
4093
4730
1362
3831
4364
2165
7123
1043
4173
2654
3837
5393
8177
6960
5287
1276
7776
9048
3873
6119
675
4993
4388
4482
539
9202
8552
4424
244
3456
9855
8041
9716
5137
14
6958
7406
1535
2348
7550
3955
4596
1267
1372
7528
8
7092
2443
7122
1077
6615
623
6270
4659
5855
2993
6925
3141
4348
5167
1500
6238
7082
5885
866
6561
9495
3468
8243
837
8370
8549
9106
1009
9871
6067
6931
377
5031
6506
3246
7269
2668
8439
7151
8170
2650
4534
874
4616
3176
5946
6059
5264
1886
8365
5564
9327
9281
5364
7008
7243
2346
4365
3725
1176
3860
1624
7879
7000
2228
7599
9926
7389
9523
5523
3609
5804
6583
4245
6404
5520
6512
8782
213
3624
334
2012
3493
3086
6207
4537
6074
6405
7654
4393
4248
8270
2775
352
6855
6535
5807
3885
9520
8929
6705
2807
8098
764
443
115
5041
449
1831
8991
222
3980
5981
7566
7281
7444
2966
2209
4562
40
2459
9646
6232
2391
2572
5455
9833
7388
6284
2761
4176
2197
1050
919
4108
2846
3275
1443
2277
3727
34
785
5385
4526
9873
8792
181
6082
2793
3374
703
246
8798
767
5008
1558
2134
4185
6543
8426
2688
3270
7320
3468
4625
2583
7452
1510
8729
9098
6930
5293
5556
664
2619
580
957
4142
7635
4335
4317
9973
3027
3205
2129
1584
5556
4368
1497
8754
8110
9077
9133
4169
766
2490
7242
6539
1078
4777
202
1531
8878
1056
2754
3128
1656
3041
8741
9315
6321
9437
6245
9194
484
4072
1161
7318
7192
5321
7386
9661
3514
7777
3608
4741
8437
2645
4314
2918
9453
2937
5523
1515
620
2235
7807
661
5524
9770
9068
6315
2483
8689
1142
2257
4916
6787
5563
1972
7473
1684
1405
5840
4006
5442
3493
2078
3826
5455
2005
1902
1079
1612
5718
5932
1808
3507
4192
498
3410
4529
7672
3530
7739
7598
2819
8334
8807
7786
6649
8494
1858
5862
1893
5453
5416
6349
7065
3001
5015
8573
5966
4645
2326
693
7801
3717
5727
3916
3544
261
5159
5451
2252
421
8655
4169
6465
2597
5523
3682
8665
9065
703
115
3847
6218
7458
9444
790
5145
8026
5538
74
3024
3055
5336
1630
6583
6028
3881
2924
3072
9095
941
1388
7696
2146
342
6852
346
9146
6494
333
8153
9309
1374
7094
4489
4713
845
722
5395
4079
9827
1452
8948
38
2713
5387
2632
6363
7552
3824
6008
4182
8746
7516
8574
3577
8760
6575
8784
5185
1089
2411
3937
8127
3004
9831
2240
7184
6635
1567
9370
6936
2436
1849
5187
142
8236
5122
2748
2033
8674
9335
49
9160
4358
2144
1891
3398
2100
4262
8653
3580
8289
8341
6021
6713
9233
7581
9841
765
1442
4450
5426
3227
9416
5428
2130
1452
246
1977
1622
64
9926
4949
9584
8720
3397
4188
3459
9439
5022
2686
2563
2447
1121
9841
2457
3503
5840
3997
6865
1874
8262
2224
5248
2155
2692
1842
7813
1444
6746
3474
2522
5775
3054
6575
5175
8547
619
5140
3043
184
441
6027
9416
4253
9445
3010
3186
4742
558
8842
6932
5524
5819
1707
5304
637
1900
9366
4000
266
8971
723
1149
7759
7887
8537
9659
917
205
5596
4999
7475
3962
7984
8478
4492
5026
4779
772
5457
8094
7817
5854
4039
6230
2665
300
6195
2211
8037
6
6610
5119
8751
9714
8550
7692
2438
3855
7402
4557
4840
8050
3862
8981
7969
4826
4670
4970
2594
1330
1604
9334
509
4898
8255
4922
8989
3042
3395
4942
7186
2573
7743
9961
7209
6462
3574
8810
4251
1833
1317
9665
28
3448
2068
4413
7459
9984
376
8323
7130
864
7780
3271
8299
5462
1135
8843
9450
4398
4385
6977
3106
4423
3079
6510
1639
5284
4749
5787
3500
9100
316
3086
8161
6058
8388
1085
8320
9190
6387
9574
7917
2461
5254
3315
8511
8255
9224
1578
5328
9564
1848
4743
9272
6282
6779
5121
4578
5991
6850
6839
5961
5530
1394
6853
5180
5150
1592
683
6659
7402
6650
3940
7972
3301
2275
4649
4760
1538
2245
3343
8559
1936
5662
6556
2072
4216
3015
8021
38
220
6486
2031
5013
9700
3173
2758
6499
8093
7092
6983
7193
8480
3327
7929
9686
7087
3131
5676
4177
3689
3320
9297
6391
6400
6781
7075
4285
2775
2493
8131
3869
8413
4617
8850
9306
2232
7410
3781
1130
6216
8235
2265
8645
1892
3404
6179
5734
5887
9727
1008
5951
7701
5358
8480
5872
7762
5007
585
2477
4665
1558
6955
1588
5104
4560
7537
4820
6822
3
787
9289
9895
9829
937
6788
4812
6853
490
2237
3309
8998
3166
4635
5077
6342
8058
2110
4206
6851
2530
5973
9658
4500
6591
2994
7753
9711
9773
9945
7618
7021
1871
7886
1047
3316
9908
3113
1523
6835
966
561
9008
9318
3988
6873
6927
6135
4033
3959
2641
9442
4277
6417
8970
2984
3151
8091
536
9116
9408
5648
3903
4289
8197
6475
8684
438
7390
4734
3581
5856
3851
4150
4209
8956
5598
155
9776
4140
969
5562
2476
5480
5136
6973
1602
5274
9425
9418
1579
5826
341
9766
9779
1619
7555
7977
9922
5004
8130
9494
77
3228
8201
6858
7468
1484
2855
6122
4355
5985
8223
4017
1893
4506
1623
3573
7695
4394
9166
8128
502
2046
5826
2592
213
9555
4196
6927
8246
3911
3498
202
3392
9937
1964
5096
3207
7287
3851
927
4040
6375
9088
6283
867
3059
6486
1104
422
870
7785
2685
3589
5947
4239
562
7523
6417
6559
9103
8512
8142
5481
3813
3715
3182
3884
2835
6294
7390
4717
8432
7565
1469
1386
5094
7996
2599
4922
7677
5197
6141
2960
492
7565
795
22
4438
7335
3832
649
6345
2054
4006
5672
5776
3666
7536
1704
3264
401
9655
3422
1624
5690
264
8949
799
1944
8267
4369
6760
6320
2986
7277
6298
3104
7211
1299
8389
734
1761
8833
333
8602
4252
6358
3154
8333
5538
1239
1088
6502
6279
6126
4604
2998
2173
8362
3002
4149
6622
9508
7014
5819
9110
4539
4664
8303
5093
479
7777
6833
9491
9889
9712
4360
8521
3702
578
7715
7026
2762
7442
3361
9200
3482
4664
6289
9373
8763
3748
1893
5431
2971
3986
8091
3412
500
3934
6277
4023
4387
4290
8011
7262
8906
4492
6271
1477
8136
8932
4691
6861
4921
7171
3692
1799
143
7050
47
6065
6670
8017
1994
504
9442
2920
6966
680
4669
8632
6185
2147
591
324
1943
9450
4045
3954
2553
1994
2336
5222
5061
1624
1444
4221
412
293
8245
4261
903
4719
2220
465
3283
9239
8827
290
6364
5323
2618
9701
7542
6935
8606
7043
2500
7267
4296
9342
6526
97
8721
8689
2387
5970
7457
9657
4174
5792
5593
6664
9246
6040
2902
4713
1510
96
5672
5316
4625
7860
2178
2870
9655
4819
8304
5866
4905
3774
6426
8736
4884
7222
7960
3468
3781
2052
7668
2817
2031
6776
9678
8235
6302
8397
4418
174
3019
8242
1098
154
246
8373
3426
2783
7310
8580
8447
936
4103
9796
7789
8148
4804
7935
7617
582
3069
994
8406
8619
4455
2061
1495
490
9830
8668
7832
7060
8147
3087
9352
561
5499
3085
3173
6199
1757
9213
848
4544
5092
677
2066
4121
1910
4211
5910
4216
497
1860
7593
8641
6576
6234
2569
7901
1720
4504
483
4062
1360
3186
1156
864
6156
4735
4773
4037
5151
4129
1106
5876
3539
15
7219
6866
6534
3287
7659
6285
7174
1032
5951
9073
2829
3343
1101
9065
6643
2271
4506
2256
9960
5891
3320
5108
7209
2512
2045
2963
1499
2031
1784
687
9094
1430
46
2065
7602
6905
8224
7950
833
7348
5351
4482
7690
162
999
3759
2617
8167
9866
5870
1268
7823
4338
962
3723
2677
633
8500
6011
9240
9513
1968
2081
4179
5902
9580
228
6737
3972
4818
376
1743
7709
316
3999
4906
2553
5577
3633
2844
130
1143
6621
7462
2032
4252
4030
9563
4911
8596
6306
7004
1965
9103
6916
6998
9334
5875
2411
6813
7441
7743
5237
3787
1273
1557
4227
5717
2197
1694
9735
87
7832
4990
5457
5537
7952
2910
4165
6353
4536
6082
3678
9597
9220
1624
9607
2530
5915
3599
4932
5889
6034
3736
6777
9822
6013
4430
9330
8252
2403
6991
2359
2049
9153
2566
9285
5458
2706
9022
6977
5878
1904
1824
9140
224
8899
2657
5043
865
6309
537
9844
3892
4427
9877
7343
7252
370
4105
1599
7782
7873
8037
6241
2162
7194
3805
526
6312
6696
1698
1464
6083
6503
6703
734
5193
2725
5798
2624
2784
2113
3736
3109
9770
7532
6872
8829
8970
4539
6087
2910
7209
872
3276
7187
3472
7813
8397
3891
6306
5593
3501
8234
6964
5093
6693
8349
9103
1438
3657
9539
5794
5143
1617
9146
7486
690
7344
9707
5463
4169
7702
1632
7673
8063
5681
949
8152
7014
2615
9727
2737
6576
6471
4268
1298
3120
4514
9534
2604
3154
1614
7754
3150
3003
6647
7752
9934
5635
4029
5344
4583
4455
4137
6793
8320
7800
1136
7117
9656
7359
3548
4385
8761
5874
1953
7107
717
3871
5822
467
2659
2286
1533
5231
8251
4389
4565
1588
6767
5191
2855
6320
2037
9065
219
5865
6091
5951
471
9580
2086
1080
7286
6699
7126
8342
4144
3131
3482
9705
6276
1339
8090
5476
5713
4007
849
4018
231
6042
4221
6172
429
2383
5847
7309
3309
1428
1221
143
957
7294
9018
3322
1510
586
142
7598
4897
5294
7557
711
8445
465
829
5436
6137
1542
4695
9751
3448
3881
763
9239
5391
7300
4214
4409
1264
5553
4455
2836
5935
4567
772
987
869
4867
925
6955
7739
6203
100
4061
2940
7795
345
1148
9840
9003
1312
183
3801
3396
6910
7614
9109
6740
1394
8044
5326
9129
4680
5113
2172
726
5050
150
7559
2282
6218
3120
1877
5310
2052
2841
139
7043
8758
2871
4255
1307
3287
3546
5860
3921
5998
8308
7090
9649
1660
8282
2832
6087
1538
4664
9048
8592
7145
8199
2025
4578
9319
5560
9206
4216
3940
8269
1181
3361
8632
6462
9426
724
4381
6154
6958
7061
8541
5979
8924
2776
3486
8931
3057
9071
9826
2926
269
4380
6772
8058
4460
4566
4316
4112
7029
2643
6950
3769
9108
1754
2204
9099
7896
911
2428
2815
5197
8471
6457
3508
2270
7113
6030
6465
8092
8505
3597
1969
6448
2699
3536
6067
9382
6708
5106
5137
173
6109
9243
4025
892
3765
1615
8809
6562
6547
8169
7908
9423
9655
6164
4955
6745
9510
9106
421
303
2599
417
3643
2017
1352
3902
3601
1747
1106
8907
7920
3127
7805
4818
3142
9165
1570
7973
9651
2844
8289
2118
7382
872
9169
1638
3835
7493
3092
5034
4386
2180
1578
2750
4565
4211
5707
7682
6862
954
886
4052
6046
8268
5403
8112
4865
4578
2234
7189
3053
1869
2902
3238
9972
949
5650
3231
3069
6582
8735
9144
8780
2687
3896
7969
5547
9263
6460
7214
9116
9131
975
6559
4010
1150
5477
7345
6868
648
2035
5270
7520
1485
1143
2461
2405
1825
1562
7385
6747
9495
2630
3701
6434
904
5229
9169
4563
2012
4993
2732
476
1470
1241
520
3445
1769
8210
9033
95
9213
9179
2277
9789
2977
5656
4627
6194
1122
8320
1911
5860
9613
6428
1254
7324
7965
9193
4002
3493
8064
9528
8177
2535
1295
910
4283
4479
8437
5766
1375
7234
3427
6305
4002
811
4400
4352
912
7297
2383
1789
4412
5376
7591
1340
2819
5831
4290
7346
3515
2717
2533
1453
2770
7286
4697
3749
1549
2879
8518
2931
8661
4874
9033
2043
9325
9274
9657
585
1269
9407
2833
3687
2707
2780
9290
5596
9726
1875
2047
8738
9560
4318
9594
5890
2379
7541
4831
4249
3511
4563
4423
850
5243
3144
9160
5487
3863
9285
7156
6179
9642
813
906
8667
7422
9569
5225
2780
5022
6246
1801
2076
708
2672
9753
8326
9897
5552
1749
3265
2356
3895
2115
2461
9375
4894
7943
1050
1724
4974
2683
3353
3272
7053
4503
8376
8021
1752
5343
7872
9998
1777
343
686
1844
9963
5914
9449
2255
7587
3801
9234
9921
2390
918
7486
1759
7655
5176
1749
3975
2442
9345
8188
8645
3276
2731
1763
2987
2159
1824
5896
5822
5129
6948
4005
6476
3363
2375
6152
3853
8876
4545
6403
7783
2755
2124
2059
8393
8949
3750
5754
7574
1554
8923
5161
8015
7658
6099
3364
5583
4745
9486
3051
9474
5270
6863
616
4046
3110
667
9262
4068
6909
7895
9420
3856
1999
3852
8300
6064
3975
3724
5594
9891
4746
8634
7781
3447
7674
6171
9678
5635
6161
5378
4160
4567
1720
6669
5641
7054
555
3527
737
5073
9741
2249
2013
5373
5654
7214
4698
6254
2417
8631
3323
6823
8244
7331
6562
8623
850
3891
9251
5791
9747
9419
3971
9318
3628
3151
9713
803
1171
8496
8703
740
7603
1041
8368
4875
9896
8022
8369
1806
8901
2500
3322
6825
4120
2831
2788
2333
9922
3724
5384
9164
8472
4461
4205
2489
2925
8460
5923
2843
2525
9058
1268
2599
9069
2598
6588
7415
5346
2630
3201
3935
1292
3589
7029
8491
6521
8405
8631
3127
9127
9686
3751
7017
7834
5078
4470
1226
8510
2300
172
6406
1007
9936
4171
5375
7931
4397
2472
9252
4145
9963
3210
4069
1876
5296
7296
1053
7189
6086
3092
7504
8164
7099
9817
3815
750
9715
9802
1241
9374
8212
6228
1631
6226
5611
9418
2707
155
6772
397
4594
7464
2299
3531
5740
7655
6485
8837
2980
5909
2595
2482
7726
4269
9012
4984
2171
8337
8125
5404
2142
9775
4409
5886
9892
1200
5181
6330
385
5162
6179
9582
1912
6878
258
2814
6227
4377
4703
5361
8031
9200
725
1885
6708
6428
938
1869
4349
8227
6856
1339
1859
9644
4951
2745
3821
2578
3994
4877
2020
5893
8393
9859
5505
8224
2463
1032
2053
3325
1291
403
3066
4995
3139
2741
2520
1565
2266
3396
1069
2648
7395
886
8087
3971
2052
9524
5370
4060
625
9588
528
2630
2328
1066
2944
1533
2647
3180
1917
7998
7846
658
1269
7165
6885
7333
179
2523
7734
9729
4795
2299
1864
8770
526
2451
7392
7504
407
1672
8965
2596
3235
6240
9343
9307
3555
1880
5676
5132
3928
2437
2007
4001
4403
1770
8240
2126
6568
4027
8034
6888
4527
3651
1648
5000
3324
3804
4783
4721
8876
7736
77
2582
6780
1678
8787
9824
6648
3909
9079
6622
405
8159
7479
5023
9270
3155
8590
5158
6833
3711
7740
8137
7748
4490
5745
9187
2652
7176
4613
6446
1532
6549
8569
4067
401
1280
9921
8238
4884
3563
9793
3877
5861
4852
7803
7087
8893
7568
2930
8338
6421
5844
9007
8639
6302
2968
7614
6106
9532
9142
4548
351
8886
8487
4621
5643
5696
4527
827
6803
5409
8841
6478
8184
5993
1871
8788
275
2735
298
7043
1548
2061
1505
8450
2036
9649
68
7806
5367
8570
8006
9355
2269
8539
9062
3155
9243
7469
5456
631
5838
684
3557
6112
4527
9079
2545
150
5993
2672
971
9371
6289
8435
721
6562
9193
2358
5663
8833
9380
9614
1172
5435
560
2515
8297
984
7853
7480
725
5298
171
8757
7977
6842
6799
1213
125
871
1074
1195
3366
1599
7046
2473
3895
4578
3064
2359
4757
4675
2963
4471
4518
2264
9228
2344
5965
2791
6790
9088
951
7396
652
1611
1378
5949
9268
3036
6567
7260
4046
1380
9067
5649
3364
2365
2052
8073
2431
4412
7762
5309
3412
709
694
8087
6037
84
8260
156
634
2086
8774
984
7645
6771
3755
5244
9906
561
4556
9688
3705
8646
2266
7225
9352
2304
3521
8630
2734
3238
666
6223
6676
4241
2441
660
573
4886
8042
3985
6374
241
6003
8111
6375
6579
325
2851
3071
3644
7728
3856
2431
5601
4225
7451
2862
905
1226
3056
8669
5209
3319
9585
584
6579
9441
6243
2977
3361
2630
5833
1539
2932
3087
9798
7896
798
4020
6042
8442
4644
4328
8066
4137
6933
4485
7931
2855
663
461
6770
8020
3124
2839
3365
2362
8318
9466
4512
9865
5260
9596
5267
4604
7010
5349
4081
2576
5126
2611
4855
5288
8767
9546
2565
9041
3763
994
9185
379
1051
3911
7864
1738
7540
59
6554
209
644
6017
2355
2680
1851
3564
2800
4012
5771
2286
5309
5679
6849
3385
1876
7710
9415
628
7681
2567
6976
5467
4720
4113
6305
3795
1297
6077
7139
629
9849
5544
7108
8105
8079
632
636
41
5636
1742
9153
2410
5334
8730
4421
3099
5215
1839
5918
5732
8958
1628
9997
1714
5315
2112
8007
2379
4046
4831
7664
5250
5731
7227
5903
9033
7142
5681
727
225
1451
2611
31
2423
6763
5921
3253
7754
6798
2513
2969
6430
8309
2046
7022
8073
2167
8466
3309
6558
7278
4020
3974
2782
8044
2153
8416
7947
9727
4956
2164
7883
6173
236
9830
971
7058
212
8118
4745
9135
1989
3986
4507
3142
3379
271
8117
899
5418
7253
5472
9796
150
7846
8314
918
9008
309
634
3911
7645
7615
592
422
3131
621
9152
9379
1218
1798
8430
7434
9928
8585
2172
5195
2795
6408
7927
817
3849
9113
4113
841
9902
8256
2152
725
8776
2406
897
3918
6600
8105
3559
3729
6881
5636
9891
4431
9771
2419
8780
7688
9408
5382
4083
8007
1549
5082
8898
7929
7852
4222
3359
9866
3450
5091
1526
9115
6431
3587
5879
4963
6821
6479
6975
685
7395
9724
240
6629
7931
8161
5944
3432
9874
4504
3391
1729
4175
8493
84
4883
3661
977
7054
1298
2285
1915
4037
5166
3696
2114
8311
5941
5757
8738
3303
2322
9393
737
6399
9317
1646
5636
7041
2392
9093
1757
7971
2987
4146
7377
2432
84
3332
2202
7104
4284
7384
9654
8936
4580
1939
5113
1200
4319
9258
7854
5708
3335
248
9902
1774
960
7557
7464
9596
9776
8832
7455
8043
8229
6559
2173
3452
4243
8320
4650
173
7327
3686
6424
2987
6756
8705
4905
380
5861
7231
3565
7048
8726
4342
5120
7507
7695
9441
2276
4277
9430
1909
3752
4752
4430
9859
4644
9820
100
5259
271
2939
6152
3823
3088
3672
4680
3059
5372
1887
1170
129
5242
3905
3999
4214
2467
6921
4803
9713
4709
3995
3984
6068
9304
5165
7341
4512
195
4754
7054
7089
9648
3326
403
8499
8495
2468
7762
1986
1522
3552
8569
4491
6611
368
5904
2055
2243
5093
6709
8408
5093
9829
4023
5637
1596
3113
1801
7684
6038
9211
749
7791
454
1019
9056
5588
2908
317
1593
8835
4471
4052
3628
3900
2250
9617
1450
8599
1194
8282
5528
3236
4983
5086
3743
9266
599
8286
8623
2353
3446
8126
5667
5877
4026
650
7217
1300
7365
2596
1536
4906
7848
2116
8873
4258
2656
3909
7637
1209
5072
8556
5611
1905
4174
1536
5384
1084
6274
7481
5030
6010
2274
7853
1569
5904
2820
8966
1181
3195
5628
8225
2315
9609
166
2217
9179
3046
163
4990
4281
8671
7302
224
8276
219
700
5891
2662
5412
8921
2051
2612
687
5375
3676
192
564
9192
7892
6654
2166
9159
2893
5213
8231
9819
7160
221
782
4178
7527
9463
6558
2148
4140
1217
8130
8012
3084
3592
1565
7885
1230
8797
1564
8676
9177
2045
6750
3348
3171
3323
5823
7182
1295
6697
4104
4983
1907
7457
2083
7872
6277
2180
6412
3715
6006
1557
387
8206
4986
3147
2441
1404
8423
2358
4906
6339
6759
4676
7443
2362
2888
8562
2760
397
7589
3383
8957
9630
2510
8202
5864
3497
4345
5871
3066
9785
9204
682
4145
4046
3693
3685
6903
633
3961
4778
8235
1936
9198
9747
5252
2390
5700
9345
7725
5375
9666
7883
143
7517
9276
6514
5169
1595
721
713
7211
3618
6338
8040
4928
2492
1827
7909
448
9928
9954
7311
6652
6788
32
5296
9414
3988
7071
9658
7700
5468
8035
3912
686
9188
7169
692
9244
2231
8708
3567
1522
8805
3731
4055
7710
1094
9284
379
6554
5994
6738
7929
9982
8233
5284
5806
3928
835
859
1409
7327
5672
8140
8244
5274
3254
1202
7766
293
6116
4380
2959
5427
3293
8614
5877
9776
469
4666
9311
6175
1055
1533
272
9354
1791
9999
7681
7050
1226
56
1603
9380
173
4011
1409
1114
5873
2405
7778
3841
1746
612
1721
1993
2374
7549
2060
2055
7443
6088
2874
7279
1693
3897
7793
7666
1653
6883
7481
323
2716
2029
8737
5989
26
330
7892
5320
7610
0
5314
1946
379
6545
8354
5897
960
6584
75
6314
1621
2904
9799
748
3606
8678
5609
9914
9019
5825
3153
2730
6424
9433
581
8828
1788
8858
6924
888
6196
2478
2372
9648
6017
2007
6168
3420
6906
2948
519
2537
3707
7018
1427
8872
6343
5141
979
3662
5271
1813
3649
3440
7396
7195
7484
1983
899
3090
2020
6161
3447
125
6668
226
8137
9869
4457
1861
2097
729
1178
280
2735
3413
4948
2299
1347
1332
5128
2809
7511
8703
8427
3529
7888
5515
4342
4790
3699
2486
5163
8005
2656
5165
3028
8978
1802
1355
684
5841
1481
8448
4824
1456
7409
6370
5065
2991
7233
62
8451
7139
4286
681
840
571
2694
1546
7834
7471
2847
7330
4745
688
3175
3856
3297
6338
1424
116
2809
8659
8725
2827
5398
8183
236
7208
8022
2581
6403
7299
1463
2024
425
2251
630
2913
2299
7740
179
8187
935
4232
1341
2350
5716
1228
6624
5928
5087
762
4736
6620
1609
4728
7604
2167
8402
9749
3028
2812
2212
1184
8821
6741
979
8621
9291
5206
9748
730
5884
4344
6449
5090
8654
8803
6971
6092
8404
1229
8420
201
9691
1488
945
670
3052
9650
2773
7257
5056
7511
2999
5194
7811
9598
9795
1772
888
4309
3731
7255
875
4005
9596
6421
6415
8154
6037
6959
8717
6749
2515
7814
9066
4715
863
3901
8581
8524
692
7730
7224
9851
9533
4547
4123
7023
9724
4271
5919
8073
2576
1020
7227
9654
669
4823
8963
2929
117
2126
5056
3304
2710
5356
9061
4549
1461
1296
6255
7466
9738
7337
5823
7699
3201
6545
3236
318
5010
8016
1805
3171
1706
8106
3303
3593
1590
7354
9473
112
4556
470
1219
9322
1906
9636
405
8671
6847
8297
7342
9341
9610
3269
1412
8557
5011
3294
678
3364
5064
5300
2824
1711
1199
3553
2545
4505
3880
9219
5969
5570
1225
5896
2753
8275
6020
8193
9269
9554
8023
6356
565
3116
5370
8006
6963
9996
8339
9132
4850
7946
8175
6691
9154
4202
522
8822
1248
2051
7503
1411
7934
1445
5195
8813
5131
5926
5884
4564
1778
6399
7685
1800
1349
7954
1421
1209
9118
9235
2121
2340
3878
3363
5273
4577
9490
646
3357
3324
9497
179
6291
9417
2374
7527
1212
685
9965
18
501
7995
2355
3172
2649
2319
8016
3889
1659
6435
862
359
6231
1850
5465
8390
6447
9400
1791
3071
3077
3217
3310
2778
6710
1802
6799
2388
6063
8834
8791
5131
1196
1441
5962
512
3218
1118
9702
5342
9637
2840
5047
8675
8218
6186
6370
1731
6324
8670
5737
8416
7077
7428
7036
3618
621
695
9728
889
3206
3034
5660
3742
2806
8272
2424
7081
3825
4266
1207
6676
9582
4136
1015
7434
7480
6183
8123
1511
5389
9083
1134
6189
1595
322
5813
6725
8621
4230
7367
172
5733
2992
448
2814
2437
2972
2744
7925
116
5303
5065
1670
4272
437
8163
8217
2980
3819
8715
6605
8380
3117
3750
491
6799
2595
834
2027
1328
5087
2420
2864
494
8250
4727
7491
9221
8724
3587
2083
6656
2947
3697
9361
164
9004
1776
7916
1821
1668
5370
7007
4754
7867
3138
3214
4547
6407
448
2596
3030
5625
6970
9697
272
4223
3159
2112
8785
7376
4558
2365
6240
9419
7019
6352
9300
3438
9087
32
1
6219
8626
9448
9211
4041
6340
1932
7916
4334
1249
6485
5111
4234
1434
8099
4298
7889
1847
7792
8545
7207
4020
5753
9669
7481
7734
3707
3676
7367
3924
6997
8990
3226
6799
3878
8115
9639
3782
9481
4987
4715
5425
2117
8853
8517
5271
5549
8876
8725
3259
1223
1796
5047
2545
6092
8275
2475
698
8565
657
1434
8972
1738
7680
3237
2974
1000
6125
1822
7834
4532
3879
2949
5821
6256
4194
5886
7235
4267
1190
210
8693
4298
4857
1067
358
5411
6078
7883
9171
1678
2888
3555
6843
6068
8164
8972
6661
2311
3653
5412
2810
4957
8628
8458
7500
2889
6189
1711
538
3638
2806
9575
3175
852
7812
3506
1482
5032
8209
6451
6482
4987
5663
1315
5095
7016
4049
2080
5909
7273
1814
838
5814
1773
7664
5074
3762
6390
179
5353
9925
9799
5519
7017
7057
8838
4728
4383
9595
146
1719
8297
6183
6584
3649
247
9617
127
2627
2108
7959
398
6524
9118
2899
2950
819
4641
7578
291
276
7150
6318
2889
9333
4698
832
1873
3237
2899
4448
4678
3080
8990
5989
9113
9721
8764
1793
8700
4588
2506
4020
7325
1072
4547
5242
8938
9411
4896
3290
7956
5773
2024
2207
3005
9411
8027
9155
5155
2279
8556
8164
9188
7824
2723
8155
4962
7091
1685
9284
4886
8408
9141
3828
9880
6080
2174
2611
7888
4276
6014
5155
4618
7072
6824
5186
5780
6843
9787
4491
3952
3196
8319
784
8102
8797
8714
7351
6739
9271
3405
652
6022
9703
7057
9419
6233
2174
8548
3912
5846
9400
6023
1946
5332
3910
7472
2865
4586
6162
4246
1951
5146
7169
3497
5565
5770
596
3973
8587
5277
694
7628
73
877
2744
6987
3945
7503
6820
9668
5888
6032
782
5849
9620
4429
2510
9885
5928
2399
478
6354
9565
995
857
5646
6633
5516
8642
696
2158
5227
4078
7749
4374
1804
3809
4
3380
3420
9188
844
7824
1665
5441
9164
4972
1278
8603
7558
7023
7355
4428
3479
8639
5689
5172
426
6644
1400
5240
2247
553
6724
3555
2561
4359
9468
4984
6084
8848
7204
8648
1691
435
7103
735
9329
2537
161
1118
8860
2970
1603
3540
5857
1395
2792
9798
1748
9633
7025
9628
6192
6627
3233
7538
7812
8581
481
588
2358
5801
7301
572
4493
3662
328
1519
2317
7947
9266
9809
3625
3133
4893
3519
1466
8639
5844
71
1650
963
6682
6350
5785
3704
8757
4889
4624
1770
5528
5893
4512
1194
1962
3161
4531
2338
9367
7322
4491
7002
6002
9604
8088
7927
5415
1062
2941
5456
1932
6504
2505
684
5349
1306
70
6759
2433
1247
1668
2094
7244
193
5694
5127
4391
5447
5700
1057
3777
4694
1225
9398
8539
931
8215
1337
1400
6020
9151
2487
5425
6896
4621
7736
5629
6565
9387
9396
5132
6928
9708
1957
8679
2567
8609
6969
4011
3541
978
6056
555
7856
4679
3791
1204
3737
2456
1249
4964
3165
8481
6982
9846
1332
6217
7119
6600
8431
3742
2967
2628
5665
6570
5820
9341
8803
7257
3910
2156
1209
8195
1683
730
6736
319
1925
3658
9136
9326
9803
5845
9624
6150
7792
2219
688
6186
6692
4579
7132
6953
9763
6564
6193
1491
5953
8398
2310
9345
5996
5575
7012
2798
3518
6153
7902
7584
9791
101
9228
2942
5307
6548
6761
2388
2656
5697
6926
5038
3853
7854
6132
4651
9398
279
8898
9593
4019
7329
8644
8005
8382
3991
812
4131
8945
9209
6037
9270
7903
6940
8159
757
5302
170
9326
5456
7401
5737
6396
9126
223
9771
3326
3899
7357
8647
2259
4789
7693
107
7132
356
7748
7814
9896
9918
5232
2818
8788
742
9303
7367
5531
5269
2539
1788
5103
716
7580
466
7179
1297
3870
8291
6692
8820
2623
9598
7658
9689
1986
9896
6060
1882
9419
8175
8061
3284
1328
4558
6611
1228
1984
6700
7578
647
2006
5622
597
5443
478
2366
1457
2164
1686
1806
840
3963
4588
6880
2901
6869
5084
5468
9043
9296
5688
2541
5694
2799
2527
7568
2309
9404
7188
744
3255
1922
8414
4784
716
1872
7430
728
3190
5398
3355
1471
4794
4992
8796
1280
1701
3247
1715
9894
9313
6840
961
7175
4574
3442
488
3535
3463
137
9141
9652
5517
5646
6112
6645
599
5673
209
840
7236
2108
4359
7909
6774
4814
5495
274
3665
3648
2213
4273
1361
9591
8232
8618
3332
8927
6594
7567
1293
232
1304
8734
5795
6095
7619
9505
9454
1659
5869
7928
9879
2751
3728
8006
216
3757
6451
6326
1343
8013
929
4044
5711
9431
7360
2830
4996
1819
6716
587
245
1023
8209
393
2210
6488
9954
4553
5501
8560
3795
9226
2456
6025
1368
8943
8107
166
1861
3776
237
2444
718
8462
8977
2475
3809
6262
1888
5746
4732
8386
7158
6260
2124
2473
1739
5233
3752
1368
2353
4031
1294
9786
4636
9571
5059
1286
3222
9102
8772
2531
3292
8732
4979
5332
5081
4346
4643
4217
5342
8277
1044
8993
5522
2169
5306
8914
7572
6838
9148
2827
9172
1898
8350
6449
6728
6188
2284
3169
6944
8627
9389
5743
8133
2947
7694
921
7254
4119
8483
4088
3006
8546
8249
7547
1895
953
2616
2029
5079
358
4800
8085
8051
3313
6120
277
9882
8862
3179
9940
7414
2736
5337
3292
8849
93
9888
8102
9742
8803
117
3102
2982
475
9723
5859
4109
75
2561
6624
3305
5446
1345
7367
3964
9396
8287
4362
9167
4603
9512
3660
6971
7964
5083
1663
4543
742
7671
5863
2638
6844
1263
6792
818
6625
2399
7185
5058
4411
4934
1702
3960
7322
2038
1203
8421
8381
8356
8993
3052
411
7644
6768
4834
5922
36
7954
350
5512
5606
2710
6607
7221
9054
9360
5617
5565
4158
3091
3233
7959
4320
2062
4195
8969
6323
9361
2992
2093
7313
8313
1107
9618
8465
3735
3401
9986
5397
1105
3016
6741
5888
1654
593
6063
57
8428
2154
8986
2194
4356
4688
5379
8296
2104
1253
1488
990
6947
513
3393
1214
5518
4076
4520
1058
4541
4123
8889
4653
79
8448
3146
3204
2499
2684
3481
4685
9955
7125
4576
9704
2585
3708
5507
7357
2697
3250
7336
5478
3616
1197
1082
3828
8548
7315
4798
6372
3712
964
4116
2727
3339
5049
2767
2763
7623
157
1948
1680
9090
9043
5273
2869
5498
52
8555
406
6084
5128
7733
3247
6812
1636
1516
9254
512
292
9464
9593
2317
3424
4950
8205
6949
5938
9674
5529
5148
5894
5689
5818
2921
8321
189
5148
29
7490
5286
5818
2464
9561
3214
712
1508
3387
8504
6453
8431
2827
7995
5687
1812
7101
4309
7968
1134
8759
6208
6002
8644
7662
6418
8302
7498
1132
6626
8232
2466
2897
6628
8862
8211
3578
1190
1723
6416
2923
4250
1260
7031
4313
2099
7428
7505
4480
9522
4226
4085
9664
4945
8815
3217
7110
7948
302
1046
1755
3525
444
1926
6265
1259
88
1358
2521
1420
2995
9344
5805
5575
7610
4952
3734
5065
3197
382
1363
1726
1946
9623
3656
9225
1818
9615
959
7697
7030
2347
1458
86
7796
4900
6178
4282
383
7263
8449
801
589
1290
4172
1478
6978
5466
4828
6626
1680
6929
3334
9278
8633
1802
9197
9749
9403
7445
4885
9440
6244
4837
6070
6054
9544
5362
6304
4309
1406
247
3770
3757
7437
571
4444
4501
6524
5076
3638
1004
3615
1429
2189
1413
2943
8775
8762
4940
6681
6389
5184
5769
5160
3518
1805
7418
4843
1146
1305
8209
186
9132
3740
847
4073
9760
6993
3753
3843
3441
5899
1301
8740
5
2073
7845
3638
6924
8055
847
1730
9389
7733
5276
4972
814
3569
852
7869
8633
3570
9748
8822
5423
6917
9203
8515
5313
8122
4624
7694
9102
2069
4091
4953
1210
4992
2337
9949
6191
6979
9962
9150
8356
4589
4786
1635
5430
4880
8138
6900
3083
3664
7275
961
5863
7680
8106
8769
8713
237
7538
7838
4473
4553
6843
3262
7149
9034
9858
730
9593
5623
5939
7770
9278
9305
7578
1021
1802
6253
3097
1243
9482
2175
6473
204
6248
630
1852
1524
1184
8888
1956
2145
350
8801
7135
9465
1649
116
4569
5052
6677
5440
6671
9966
8124
656
4302
1011
6483
5846
6467
8123
9905
7514
9085
2003
4652
1342
832
2239
5536
6437
8572
4764
4542
8123
5762
8856
3469
1862
9933
4589
1212
3761
7321
1342
6095
7325
3625
304
2170
5752
8121
4682
6162
3481
8618
1363
8988
9533
8407
1708
5608
383
4426
5711
3859
1233
6167
8077
6163
6619
9834
8716
2229
3244
7735
8825
7749
6145
9090
9291
5014
2212
4162
4433
6023
4320
5837
4682
7414
1745
260
7426
2917
447
5680
4546
4475
4549
3393
1314
4881
4305
4496
5060
4229
1853
9593
4796
4186
4893
4453
9299
2420
1215
1331
779
1403
5038
8710
3977
281
4926
6627
6204
2222
3269
2587
9947
4130
9774
7223
5194
5483
2663
9755
6493
8724
8769
2311
9061
9768
1795
5090
1093
559
3011
4101
3512
5540
9219
4099
8084
6076
3660
1894
2794
7623
6169
4813
1247
8847
4550
2019
6711
2773
362
2193
3843
6487
9500
36
654
9376
2724
392
5677
9898
8734
1483
9349
1517
7951
4044
6675
4839
6456
3022
408
8613
4910
5793
2409
3005
1732
5863
4759
947
1922
2213
7558
3783
5443
1933
413
9178
7216
9754
6941
4266
6189
3029
4022
5482
116
2337
6671
119
3944
218
4847
715
1956
190
1105
5277
6879
3569
1482
2385
9337
3239
6667
9178
9457
5062
7538
1337
4569
5651
7697
4891
7600
6904
3107
739
5534
7030
1278
330
4499
688
826
8101
6712
4648
5303
5029
9631
5571
8984
1179
4332
6016
4908
3660
6256
8622
2825
4414
2292
5289
3011
793
6586
152
4183
7843
9388
4044
3523
9632
9391
2970
2974
802
2384
9858
5599
3963
8872
7340
3239
4231
1771
834
6961
2682
1090
4320
3868
1643
9577
5639
8357
776
1270
1328
1626
4094
8381
7678
1036
3394
375
1636
3720
2449
7350
7202
5906
3489
4547
3770
1823
328
7135
6045
7678
5272
3269
8504
7416
3807
5087
6619
6420
7204
4570
8396
9096
6445
5273
9076
8068
2413
9183
229
8707
6323
9623
101
6461
5542
7482
8274
8755
6751
2182
8891
6128
7889
6487
926
2579
1102
7024
5292
2756
9718
7370
6127
6301
1650
9149
3619
9360
655
6694
3859
1846
5612
3478
2639
2953
4547
4147
3600
7802
7775
2280
2465
4967
9554
8575
5201
3400
9810
265
1092
8856
758
5963
617
3135
2774
1706
5186
5063
6079
5060
3016
6221
2620
9767
981
3950
9967
1275
2518
5153
3898
6110
5962
216
5437
1220
9039
372
3049
8920
1516
1883
2430
1233
9955
9958
1785
6256
2050
4901
1382
9042
8940
6336
9634
4496
9587
8540
8415
641
4987
2899
9137
4699
8381
7405
7769
6469
7185
1343
1856
6118
9622
5389
6837
6188
8302
7845
9629
5687
1265
2658
7144
9993
9347
419
3418
4716
5602
8321
3560
7646
7512
819
9132
7970
9102
7383
3460
4842
7687
6605
7560
7328
4164
9019
8535
5618
8993
2156
353
3842
7567
3213
4774
5541
6191
4462
4136
1802
6661
2480
7027
7158
6979
2621
5849
1099
8560
4204
4307
9790
8752
6721
5680
8398
7001
9839
1012
840
4293
4271
460
1653
4796
6859
3030
5333
8869
4758
4127
5586
6943
1411
3707
2259
6325
3843
7369
4441
7416
9728
3739
4890
4496
742
6335
8604
832
4634
5694
8848
4286
428
3306
7116
706
8104
9925
3389
6971
8138
3206
1065
9261
9791
8025
3965
6458
2102
1705
3784
2462
8046
9210
3143
7226
7629
141
4382
7889
9858
4119
5805
2105
1680
9852
9620
6655
4878
557
5269
8627
5595
7563
4008
1956
5012
5262
8532
5380
7822
1819
752
416
3239
1991
1233
7544
3698
4247
2602
8182
2550
4313
5214
8302
5513
7158
4118
6160
3258
665
1338
1950
3562
116
7446
6419
5206
6225
2562
7399
2961
9970
2850
6437
1866
9675
3663
1636
3540
5263
7619
7449
6828
1713
1982
418
5115
6843
7223
4890
5545
814
696
7716
2646
1363
7450
9313
9219
7719
9149
1685
647
6132
9302
1392
4009
1642
1252
7514
1281
2470
3240
6681
9529
8387
4701
5200
1478
6743
2988
5394
7563
8003
9553
2092
5493
3268
8913
6333
182
5702
7829
8144
5604
3030
6698
6450
3604
9519
6994
6132
6574
6212
8860
4194
7423
4417
7438
9157
2019
809
2901
9879
9799
9636
6723
3179
9758
6331
1667
6220
3669
1108
3013
2284
1282
9898
7037
9295
9333
5603
729
6943
5634
1446
1511
9787
5199
2389
5486
2997
4848
4597
3389
2605
2541
739
7626
5773
6318
1208
2056
2261
4231
6827
6710
3097
2854
4004
1555
5057
1935
4837
7632
6213
6880
7114
4882
8785
1478
3172
8881
5131
1594
8097
5445
1795
1980
8336
9562
5277
1160
7033
7163
8583
8545
9547
7751
2890
3857
2933
2682
191
9799
1255
9195
5519
8025
9533
157
8845
5715
3681
8902
1309
2838
3947
4116
4271
3249
358
2711
4494
7303
4114
7820
6409
5039
7918
4740
1401
5642
383
5518
9722
3695
8453
7556
8940
8053
1818
2215
2936
8952
9157
5148
1036
85
8935
5020
1945
3830
568
5452
715
414
7585
5482
7799
9253
3538
3067
5585
5984
1095
1037
9962
3538
1790
3204
7321
860
3898
7308
4306
4167
2885
1173
8597
7248
9231
452
6533
9218
1709
2990
9302
8816
8952
5329
4235
6443
6110
159
3455
4597
9378
5386
7274
3785
3469
7240
6815
5818
7711
4155
4047
3623
3260
7059
1365
5788
3600
3112
5671
1928
6081
1933
3745
7298
9376
2869
6220
4353
5974
5130
9862
1314
8960
5610
1559
9158
8226
9273
8292
998
7957
6834
4901
51
6541
9970
4945
1044
1108
5037
4950
6698
5446
431
6802
5541
7556
5360
9828
1160
3735
2120
776
9640
9469
5107
7140
4331
9026
3358
4785
3441
914
5433
2402
6166
997
662
215
4331
5980
779
3720
8089
8567
2726
3192
7185
8033
6323
967
2954
1052
8583
5894
6607
1669
5035
4809
5924
846
7531
9461
3401
7220
7285
5485
8008
252
7676
8266
1830
6907
7763
5266
9858
5088
3681
5075
7245
4522
1222
6351
5198
7746
1091
3328
2764
9117
3102
6210
7199
3604
1634
8002
1550
6188
7202
7149
297
8765
7230
2448
7761
1314
1967
4764
2602
5105
4437
3811
1385
6288
4828
3360
1940
1005
4329
4914
2004
2260
1096
9336
8421
6498
9522
9386
8025
933
6418
1083
7056
5736
215
2331
2370
5834
8287
7543
3983
8657
9530
6732
3710
3308
2850
5983
6468
4306
7298
1976
7932
6236
1265
8723
3204
7835
3465
5035
5198
4502
9778
8312
5675
3444
4515
1942
2638
1608
9143
9893
5786
9024
4612
13
3596
4444
9621
5808
3698
5305
5497
622
4015
7616
4425
1790
9006
9040
1594
5571
4089
1640
7640
3187
4782
5702
9760
6033
8538
6288
90
9677
2988
9516
2466
9750
1797
9114
8385
8317
4184
5040
7489
9432
3576
9553
8396
5739
9547
5069
7336
9362
2058
3797
2182
1490
4320
5616
5816
7858
1651
9039
6717
2785
5980
786
8692
5400
5461
1263
9021
1626
7744
4997
2660
7713
5272
8627
7141
9383
9124
8470
9124
3534
9245
3496
7248
1712
6422
1329
1166
891
9745
6743
1755
7308
8287
2131
7137
4934
2856
4495
1708
563
3969
2600
1063
7276
4619
720
9092
6719
1929
6031
8716
6081
8143
3562
6380
733
450
5571
8028
1563
8360
3948
4770
6723
5559
2229
739
6236
6938
5268
820
3811
2382
5164
5466
3341
1976
3039
4859
6303
7941
9823
2267
9034
3898
2670
5542
8658
7164
1647
2544
3734
4568
5498
2063
8624
7671
5960
4376
2616
8716
9985
3300
7313
4440
1240
1115
9364
3582
6392
4605
706
4739
8692
3854
2370
6048
3170
8384
1403
9170
8553
9176
6845
2099
2409
1543
4162
6860
5153
5440
1289
8247
7437
7407
1233
1854
8508
9282
6528
6098
4622
304
4406
413
9085
6300
6469
4839
8769
2161
468
3249
2150
9369
1713
5318
3292
7675
7414
2658
6268
8254
1287
6613
6433
138
3938
8143
3162
1474
2470
8425
114
1920
7747
6751
3179
4599
7751
3029
6244
1493
3822
7037
9602
4988
1319
6520
2111
4953
7951
9919
6300
4945
7691
5325
1856
2928
157
6994
9541
6368
5587
81
3300
2684
4699
7374
3132
4573
5379
2690
2135
1661
3306
7884
7613
5997
8731
8825
4966
1620
2091
3037
16
4929
9358
6871
5289
207
3585
1881
3068
6328
4738
4152
1358
1474
203
5695
1027
1063
5035
53
1063
6990
5839
8916
5836
5076
5184
4952
7338
9725
5510
4934
6015
1139
9927
5566
2934
5171
329
5684
292
9993
4540
9863
9023
2549
6418
8082
9210
9825
1376
5779
7661
2119
8074
1594
8411
1517
2041
2746
4934
6671
1963
2287
8097
2639
6528
9013
3797
6681
4293
5410
9979
3334
1285
7613
6139
4186
5536
8710
5037
8226
2854
6807
1866
5829
2385
499
168
8473
124
7906
4866
332
3786
79
436
7467
5107
6789
1058
2439
1699
9995
3168
8298
8425
6818
4306
5895
5832
9264
8490
2729
1119
1160
4366
3533
4642
8317
6698
3083
2480
9386
1333
1152
8826
4701
2063
3496
1440
8710
7612
5725
7751
145
2613
1350
7570
6672
9427
5281
9756
9682
9641
6491
981
5483
7438
9572
8919
6552
4003
9530
9459
6048
2106
8706
6943
860
2095
3719
7005
3476
3312
1616
618
98
9321
5633
1049
5440
3126
7080
826
3331
7572
9694
378
7112
3907
2881
761
6986
2962
8530
2906
4186
4912
4835
2485
9940
2201
6258
1585
6235
8353
2892
809
7196
9930
7804
3838
6394
1338
9813
2331
1257
8436
250
783
579
9377
7650
1547
4576
1559
1314
9123
7612
9001
6464
4806
16
5012
383
5937
9081
5226
8779
5767
758
2109
8203
8882
6235
9622
524
540
8310
6551
5115
5684
9350
7045
8014
9967
5071
9459
4353
442
3803
8847
6297
5834
7465
9010
2422
4353
4278
1006
5452
7185
6143
9377
4307
7966
4326
6061
7912
3455
8896
2050
968
9199
2608
175
7398
5292
9294
8378
6244
1671
9718
1309
9255
4474
3627
2697
9634
3258
5605
4109
6493
2547
4686
7105
8353
7544
8685
7369
6593
2892
6907
3296
4572
7741
4237
9236
8465
8716
3668
3342
3045
801
3306
2488
5850
4073
8379
825
8543
263
6884
3118
5333
7372
4143
3663
5830
6560
8109
1971
2421
7914
6979
777
4980
9148
131
8264
5513
6333
6552
2412
9815
1431
7639
9275
3341
7836
5929
4952
3023
6331
2538
5107
9964
2823
1201
3149
4278
8438
7110
8109
6837
7497
7064
2526
8375
5410
6124
7556
292
521
1044
1534
7221
4851
7463
7495
4092
5089
158
1371
3716
6698
8993
6844
3341
6360
138
569
3499
608
7037
4608
7213
8490
610
9905
5105
8891
6720
8942
861
8600
7011
4967
2785
1036
4440
6609
8808
2631
3047
5196
5071
6411
7374
5079
5257
1618
7220
9150
4900
4912
4570
8313
5317
9143
9818
1058
4090
4968
4637
4612
9014
3075
4685
1301
3185
8459
3734
1820
1553
9828
5262
6237
2175
2886
9227
773
2057
1737
4997
160
168
3652
1978
3611
6626
5557
8597
3943
6146
6301
3681
8082
7148
2747
1044
3068
1313
8854
9477
9403
7164
7784
3939
2828
2141
2601
8452
1586
3252
3639
381
7968
6275
8861
124
7181
339
1723
5595
7423
569
4310
8555
2200
4425
4872
4036
880
9815
6827
9843
389
7769
1937
5784
9579
9927
8793
2479
5586
6962
9664
6574
4829
7245
8400
622
2867
8816
9734
6802
3178
1884
2769
1997
6751
3797
5460
3460
8190
5071
2050
6100
5012
7352
2794
4051
5054
362
7612
8538
6566
9024
7321
1775
9025
5388
9158
1645
265
3944
3100
7621
4658
6362
4965
4464
2120
8540
7118
1021
518
3416
7275
4158
5369
6110
5057
7703
5430
7199
9388
1285
1294
7140
7820
4520
1345
8640
9977
9631
4945
5060
4828
1751
1852
1305
8084
3403
3065
4332
7741
846
8542
8959
4740
9267
3816
6625
4092
9731
2722
2838
9030
2343
5723
1255
3189
2785
3483
7149
651
6520
3129
672
4313
2298
8325
9682
8387
299
3431
9358
6047
6459
5837
5105
5810
4661
6367
6941
3543
2218
4054
814
5439
6566
8719
4219
2170
6828
8116
3431
2201
8200
474
5112
337
8544
2254
8056
868
3481
1314
1049
3112
7547
7741
9406
5527
6892
7634
8831
1671
4071
6333
7435
313
7140
4712
7505
1517
277
4451
4737
7055
7844
8567
7626
8973
1550
1037
7488
2041
2062
8124
4502
5383
3261
4706
9572
5147
1677
3223
8470
7212
9356
3957
6483
7756
7683
9480
6004
7304
133
6024
6325
452
9578
2608
7729
7412
5083
6138
9294
641
5345
7400
7607
1942
9158
9810
3065
2715
808
5210
4032
7768
63
3739
5486
5025
3146
3407
9026
6625
2550
7796
6079
2382
457
4282
482
9350
9758
5815
5626
5741
2568
5257
2103
6666
8919
4639
8508
1287
440
3848
5097
1344
9280
3417
7112
1933
363
9369
1002
1383
7562
2236
8913
4073
981
733
7760
4210
6287
5058
1616
3022
6044
7349
1970
6816
2291
3096
1063
5561
2919
5001
9750
6901
9013
4933
4843
1478
9586
8490
4442
6288
5853
5514
1616
3197
3673
1627
8363
5584
6922
7445
1099
8176
3674
9675
1881
7980
8228
4501
5020
5779
9583
3983
924
1026
7251
6332
7631
8635
6047
9932
6937
956
7191
8922
7562
7980
1064
4477
4242
6100
7429
1647
794
3415
3499
5832
1346
1325
9807
3907
3168
7651
8564
1987
4213
4440
3803
111
6785
9942
4977
9078
1385
9992
1060
7649
8516
3433
9356
3496
4941
4714
1676
2634
950
6197
1987
4601
2022
5040
472
7613
8826
1455
2
8690
3571
1333
788
9886
3861
7967
1970
6348
7982
600
9764
7858
7078
3595
7039
9451
5325
5497
2371
7683
194
3646
3495
2260
2200
2591
3654
2048
6980
6550
7168
9759
7358
6870
4132
2421
8440
7606
7975
9919
9778
7683
2601
4924
3627
1903
8325
3352
8593
2853
5905
7129
4612
3431
1716
5433
5464
761
4436
5968
4510
5019
9369
4028
9792
1155
9273
3576
4654
3431
9540
3571
9682
5912
2693
76
2307
4436
2590
6550
7606
968
5924
5858
8384
8831
7039
3439
3654
3803
546
7798
2095
6197
7073
5937
6242
9825
9694
8840
1760
5123
2703
6794
6731
37
7601
72
4034
2742
4197
3220
7515
8486
788
1832
2318
5778
5420
2742
1396
5834
2022
2804
4769
1967
2981
3641
9265
2382
4946
7304
6114
6718
188
9049
3121
7667
1581
6720
2705
4683
255
1188
2133
4693
1600
4767
4761
3888
5352
2591
9338
4630
6616
6371
6714
1751
6197
285
7747
4629
2586
2063
4190
7362
4080
4311
9625
4297
9257
2497
1525
4946
436
8150
7554
6288
262
2015
6845
1845
1794
8955
37
1576
8417
1333
4683
5377
7721
8594
8516
8903
4806
6258
4487
2139
5046
7181
1096
354
